8 9 10 11 16 19 28 
8 9 10 11 15 16 19 28 
8 9 10 11 15 16 19 28 
8 9 10 11 15 16 19 28 
7 8 9 10 11 12 15 16 28 
7 8 9 10 11 12 15 16 28 
7 8 9 10 11 15 16 19 28 
8 9 10 11 12 15 16 28 
7 8 9 10 11 16 19 28 
7 8 9 10 11 16 19 28 
7 8 9 10 11 16 19 28 
8 9 10 11 16 19 28 
0 3 4 5 7 28 29 
3 4 5 7 8 28 29 
3 4 5 7 8 28 29 
3 4 5 7 28 29 
0 21 29 30 31 
0 29 30 31 
0 21 28 29 30 31 
0 20 21 28 29 30 31 
0 20 21 28 29 30 45 
0 19 20 21 28 29 30 
0 20 21 28 29 30 31 
0 29 30 31 
29 30 31 
0 20 29 30 31 
29 30 31 
29 30 31 
29 30 31 
29 30 31 
29 30 31 
29 30 31 
29 30 31 
20 28 29 30 31 
29 30 31 
0 20 21 28 29 30 31 
28 29 30 31 
20 28 29 30 31 
29 30 31 
29 30 31 
29 30 31 
30 31 32 
30 31 32 
29 30 31 
29 30 31 
30 31 32 33 
30 31 32 33 
30 31 32 33 
30 31 32 33 
30 31 32 33 34 
30 31 32 33 34 
30 31 32 33 34 
30 31 32 33 34 
31 32 33 34 
31 32 33 34 
31 32 33 34 
31 32 33 34 
31 32 33 34 
31 32 33 34 
31 32 33 34 
31 32 33 34 
31 32 33 34 
31 32 33 34 
31 32 33 34 
31 32 33 34 
31 32 33 34 
31 32 33 34 
31 32 33 34 
30 31 32 33 34 
30 31 32 33 34 
30 31 32 33 
30 31 32 33 
30 31 32 
30 31 32 
30 31 32 
30 31 32 33 
30 31 32 33 
30 31 32 33 34 
30 31 32 
30 31 32 33 
30 31 32 33 
30 31 32 33 
30 31 32 33 34 
31 32 33 34 
31 32 33 34 
31 32 33 34 
31 32 33 34 
31 32 33 34 
31 32 33 34 
31 32 33 34 
31 32 33 34 
31 32 33 34 
31 32 33 34 
31 32 33 34 
31 32 33 34 
31 32 33 34 
7 8 9 19 20 28 29 
7 8 9 19 20 28 29 
7 8 9 10 19 20 28 29 
7 8 9 10 19 20 28 29 
7 8 9 19 20 28 29 30 
7 8 19 20 21 28 29 30 
8 19 20 21 28 29 30 
7 8 9 19 20 21 28 29 30 
3 4 5 7 19 28 
3 4 5 7 8 19 28 
3 4 5 7 8 19 28 
3 4 5 7 8 19 28 
7 8 9 10 11 16 19 28 29 
7 8 9 10 11 19 28 29 
7 8 9 10 19 28 29 
7 8 9 10 19 28 29 
5 7 8 9 19 28 29 
7 8 9 19 20 28 29 30 
7 8 9 19 20 28 29 30 
7 8 9 19 20 28 29 
5 7 8 9 19 28 29 
5 7 8 19 28 29 30 
5 7 8 28 29 
0 5 7 8 28 29 30 
0 4 5 7 8 28 29 
0 4 5 7 28 29 30 
0 3 4 5 7 28 29 30 45 
0 3 4 5 7 28 29 30 45 
0 3 4 5 7 28 29 45 
0 3 4 5 7 28 29 45 
7 8 19 20 28 29 30 
7 8 19 20 28 29 30 
5 7 8 19 28 29 30 
0 5 7 8 28 29 30 
0 4 5 21 28 29 30 37 45 46 54 55 56 
0 4 5 21 28 29 30 45 46 55 
0 4 5 28 29 30 45 46 
0 3 4 5 28 29 30 45 46 55 
0 3 4 5 7 28 29 30 45 46 
0 3 4 5 7 28 29 30 45 46 
0 5 20 21 28 29 30 37 45 46 54 55 
0 5 21 29 30 37 45 46 54 55 56 
0 4 5 21 28 29 30 45 
0 4 5 7 28 29 30 45 
0 5 20 21 28 29 30 45 46 
0 20 21 28 29 30 45 46 55 
0 4 5 7 28 29 30 45 
0 4 5 7 28 29 30 45 
0 3 4 5 7 28 29 30 45 
0 5 28 29 30 45 
0 5 20 21 28 29 30 45 
0 8 19 20 21 28 29 30 
0 8 19 20 21 28 29 30 
8 19 20 21 28 29 30 
0 19 20 21 28 29 30 
0 19 20 21 28 29 30 
7 8 19 20 28 29 30 
19 20 21 28 29 30 
20 28 29 30 
0 19 20 21 28 29 30 
0 28 29 30 
28 29 30 
20 28 29 30 
0 28 29 30 
7 19 20 28 29 30 
0 5 7 28 29 30 
0 28 29 30 
0 5 28 29 30 45 
28 29 30 31 
28 29 30 31 
28 29 30 31 
28 29 30 31 
0 28 29 30 31 
28 29 30 31 
0 28 29 30 31 
0 29 30 31 
29 30 31 
29 30 31 
29 30 31 
29 30 31 
29 30 31 
29 30 31 
30 31 32 
30 31 32 33 
30 31 32 
30 31 32 33 
29 30 31 
29 30 31 
29 30 31 
29 30 31 
30 31 32 
30 31 32 33 
29 30 31 
29 30 31 
30 31 32 
30 31 32 33 
30 31 32 33 
30 31 32 33 
30 31 32 33 
30 31 32 33 34 
30 31 32 33 34 
30 31 32 33 34 
30 31 32 33 34 
31 32 33 34 
31 32 33 34 
31 32 33 34 
31 32 33 34 
31 32 33 34 
30 31 32 33 34 
31 32 33 34 
31 32 33 34 
31 32 33 34 
31 32 33 34 
31 32 33 34 
31 32 33 34 
31 32 33 34 
30 31 32 33 34 
30 31 32 33 34 
30 31 32 33 
0 3 4 5 7 28 29 30 45 46 
0 3 4 5 7 28 29 30 45 
0 3 4 5 7 28 29 45 46 54 
0 3 4 5 28 29 30 45 46 54 55 
0 3 4 5 7 28 29 30 45 46 
0 3 4 5 7 28 29 30 45 
0 3 4 5 7 28 29 45 
0 3 4 5 7 28 29 45 52 
0 3 4 5 7 28 29 45 52 
0 3 4 5 7 28 29 45 52 
0 3 4 5 7 28 45 52 53 
0 3 4 5 7 28 29 45 52 
0 3 4 5 45 52 53 54 
0 3 4 5 28 45 52 53 54 
3 4 5 7 28 52 
3 4 5 7 52 
3 4 5 52 53 
3 4 5 7 45 52 53 
0 3 4 5 7 28 29 45 52 54 
0 3 4 5 28 29 45 52 53 54 
0 3 4 5 28 29 45 46 52 54 55 
0 3 4 5 45 52 53 
0 3 4 5 7 45 52 53 
3 4 5 45 52 53 
3 4 5 52 53 
3 4 5 52 53 
3 4 5 45 52 53 
3 52 53 54 55 56 
3 52 53 54 55 56 
3 52 53 54 55 
3 52 53 54 55 
0 3 4 5 29 45 46 54 55 
0 3 4 45 52 53 54 55 
0 3 37 45 52 53 54 55 
0 3 37 45 46 52 53 54 55 56 
0 3 4 45 46 52 53 54 55 
3 52 53 54 55 56 
3 45 52 53 54 55 
3 45 52 53 54 55 
3 52 53 54 55 56 
0 3 4 5 29 30 45 46 54 55 
0 3 4 5 28 29 30 45 46 55 
0 3 4 5 29 45 46 52 54 55 
0 3 4 5 45 46 52 53 54 55 56 
0 3 4 45 46 54 55 56 
0 3 4 5 29 45 46 54 55 56 
0 3 37 45 46 53 54 55 56 
0 3 37 45 46 52 53 54 55 56 
0 3 45 46 54 55 56 
0 3 45 46 54 55 56 
0 3 45 46 54 55 56 57 
0 45 46 47 54 55 56 57 
0 3 45 46 47 54 55 56 57 
0 3 45 46 54 55 56 57 
0 45 46 47 55 56 57 
0 3 45 46 54 55 56 
0 3 45 46 54 55 56 
0 3 45 46 47 54 55 56 57 
0 3 37 45 46 52 53 54 55 56 
0 3 30 37 45 46 54 55 56 57 
0 45 46 47 54 55 56 57 
0 3 4 5 28 29 30 45 46 55 
0 3 4 5 28 29 30 45 46 55 56 
0 3 4 5 29 30 37 45 46 54 55 56 
0 21 29 30 37 45 46 54 55 56 
0 3 29 30 37 45 46 54 55 56 
0 3 21 29 30 37 45 46 53 54 55 56 
0 3 20 21 29 30 37 38 45 46 54 55 56 
0 3 4 29 30 45 46 55 56 
0 29 30 45 46 47 55 56 57 
0 29 30 45 46 47 55 56 57 
0 3 4 5 29 30 45 46 54 55 56 
0 45 46 47 55 56 57 
0 45 46 47 55 56 57 
0 45 46 47 55 56 57 
45 46 47 55 56 57 
0 45 46 47 55 56 57 
0 45 46 47 55 56 57 
0 45 46 47 55 56 57 
45 46 47 55 56 57 
45 46 47 55 56 57 
0 45 46 47 55 56 57 
45 46 47 48 56 57 
0 45 46 47 48 56 57 
45 46 47 56 57 
45 46 47 55 56 57 
0 45 46 47 54 55 56 57 
45 46 47 55 56 57 
45 46 47 48 55 56 57 
45 46 47 55 56 57 
45 46 47 48 55 56 57 
45 46 47 48 56 57 
45 46 47 48 56 57 
46 47 48 49 56 57 
46 47 48 49 56 57 
46 47 48 49 56 57 
46 47 48 49 56 57 
45 46 47 48 56 57 
46 47 48 49 56 57 
45 46 47 48 56 57 
45 46 47 48 56 57 
46 47 48 49 56 57 
46 47 48 49 50 57 
46 47 48 49 50 56 57 
46 47 48 49 56 57 
46 47 48 49 56 57 
46 47 48 49 56 57 
46 47 48 49 56 57 
46 47 48 49 56 57 
46 47 48 49 56 57 
46 47 48 49 50 57 
46 47 48 49 50 57 
46 47 48 49 50 56 57 
46 47 48 49 50 57 
46 47 48 49 50 57 
46 47 48 49 50 57 
46 47 48 49 50 57 
46 47 48 49 50 57 
46 47 48 49 50 57 
46 47 48 49 50 57 
46 47 48 49 50 57 
46 47 48 49 50 57 
47 48 49 50 57 
46 47 48 49 50 57 
46 47 48 49 50 
46 47 48 49 50 
46 47 48 49 50 
46 47 48 49 50 
47 48 49 50 
47 48 49 50 
47 48 49 50 
47 48 49 50 
47 48 49 50 
47 48 49 50 
47 48 49 50 
47 48 49 50 
47 48 49 50 
47 48 49 50 
47 48 49 50 
47 48 49 50 
47 48 49 50 
47 48 49 50 
47 48 49 50 
47 48 49 50 
47 48 49 50 
47 48 49 50 
47 48 49 50 
47 48 49 50 
47 48 49 50 
47 48 49 50 
47 48 49 50 
47 48 49 50 
47 48 49 50 
0 29 30 37 45 46 54 55 56 57 
0 29 30 37 45 46 54 55 56 57 
0 29 30 45 46 47 54 55 56 57 
0 30 45 46 47 54 55 56 57 
0 45 46 47 55 56 57 
0 45 46 47 54 55 56 57 
0 45 46 47 55 56 57 
0 45 46 47 55 56 57 
0 45 46 47 48 55 56 57 
45 46 47 48 55 56 57 
45 46 47 48 49 56 57 
45 46 47 48 56 57 
46 47 48 49 56 57 
46 47 48 49 56 57 
0 45 46 47 54 55 56 57 
0 45 46 47 55 56 57 
45 46 47 48 55 56 57 
45 46 47 48 55 56 57 
46 47 48 49 56 57 
46 47 48 49 50 56 57 
46 47 48 49 50 57 
46 47 48 49 50 56 57 
46 47 48 49 50 56 57 
46 47 48 49 50 56 57 
46 47 48 49 56 57 
46 47 48 49 50 57 
46 47 48 49 50 57 
47 48 49 50 57 
46 47 48 49 50 57 
46 47 48 49 50 57 
47 48 49 50 
47 48 49 50 
47 48 49 50 
47 48 49 50 
47 48 49 50 
47 48 49 50 
47 48 49 50 
47 48 49 50 
47 48 49 50 
47 48 49 50 
47 48 49 50 
7 8 9 10 11 12 15 16 28 
7 8 9 10 11 12 
7 8 9 10 11 12 28 
7 8 9 10 11 12 28 
7 8 9 10 11 12 15 16 28 
7 8 9 10 11 12 15 16 28 
7 8 9 10 11 12 15 16 28 
7 8 9 10 11 12 15 16 28 
7 8 9 10 11 28 
7 8 9 10 11 28 
7 8 9 10 11 28 
7 8 9 10 11 19 28 
7 8 9 10 11 28 
7 8 9 10 11 28 
5 7 8 9 10 19 28 
5 7 8 9 10 28 
4 5 7 8 19 28 
5 7 8 19 28 
5 7 8 9 19 28 
5 7 8 9 19 28 
0 5 7 28 29 30 45 
0 5 7 28 29 30 
4 5 7 8 28 29 
5 7 8 28 29 
5 7 8 28 29 
4 5 7 8 28 29 
4 5 7 8 19 28 
4 5 7 8 19 28 
0 3 4 5 7 28 29 30 45 
0 3 4 5 7 28 29 30 45 
0 3 4 5 7 28 29 
0 3 4 5 7 28 29 45 
0 19 20 21 28 29 30 
5 7 8 9 28 29 
5 7 8 9 28 
5 7 8 9 19 28 
5 7 8 9 19 28 
5 7 8 9 28 29 
0 3 4 5 7 28 29 45 
0 3 4 5 7 28 29 45 
0 3 4 5 7 28 29 52 
0 3 4 5 7 28 29 52 
0 3 4 5 7 28 29 45 52 
0 3 4 5 7 28 29 45 
3 4 5 7 28 52 
3 4 5 7 28 52 
3 4 5 7 52 
3 4 5 7 19 28 52 
0 3 4 5 7 28 29 
0 8 19 20 21 28 29 30 
0 19 20 21 28 29 30 
0 19 20 21 28 29 30 
7 8 9 10 11 16 28 
5 7 8 9 28 29 
7 8 9 10 16 19 28 29 
7 8 9 10 16 19 20 28 29 
7 8 9 10 16 19 28 29 
0 19 20 21 28 29 30 45 
0 19 20 21 28 29 30 37 45 
5 7 8 9 19 28 29 
5 7 8 9 28 29 
5 7 8 28 29 
4 5 7 8 28 29 
0 20 21 28 29 30 37 45 55 
0 20 21 28 29 30 37 45 55 
0 20 21 29 30 37 45 46 54 55 
0 20 21 29 30 37 45 54 55 
0 20 21 29 30 37 45 46 54 55 56 
0 20 21 29 30 37 38 45 46 54 55 
0 3 20 21 29 30 37 38 45 46 54 55 56 
0 3 4 29 45 46 54 55 56 
0 3 37 45 46 53 54 55 56 
0 3 30 37 45 46 53 54 55 56 
0 3 29 30 37 45 46 54 55 56 57 
0 3 37 45 46 54 55 56 
0 3 4 5 29 30 45 46 54 55 56 
0 3 4 5 29 30 45 46 55 56 
0 3 30 37 45 46 53 54 55 56 
0 3 21 30 37 38 45 46 53 54 55 56 
0 3 21 29 30 37 38 45 46 53 54 55 56 
0 3 37 45 53 54 55 
0 3 37 45 46 53 54 55 
0 3 37 45 52 53 54 55 
0 3 37 45 52 53 54 55 
0 3 4 5 29 45 46 52 53 54 55 
0 3 4 5 45 52 53 54 
0 3 4 5 45 52 53 54 55 
0 3 4 5 45 46 52 53 54 55 
0 3 4 5 45 52 53 54 55 
0 3 37 45 46 53 54 55 56 
0 3 4 5 7 28 45 52 
3 37 45 52 53 54 55 
3 37 45 52 53 54 55 
3 45 52 53 54 55 
3 52 53 54 55 56 
5 7 8 9 10 28 29 
3 45 52 53 54 55 
0 3 37 45 46 52 53 54 55 56 
0 3 37 45 52 53 54 55 
3 45 52 53 54 55 
3 45 52 53 54 55 
3 4 45 52 53 54 55 
3 4 45 52 53 54 
3 52 53 54 55 
3 52 53 54 55 
3 4 45 52 53 54 
3 4 52 53 54 
0 3 4 5 45 52 53 54 
8 9 10 11 12 15 16 19 28 
8 9 10 11 12 15 16 28 
8 9 10 11 12 15 16 28 
8 9 10 11 12 15 16 28 
8 9 10 11 12 15 16 28 
7 8 9 10 11 12 15 16 28 
8 9 10 11 12 15 16 
8 9 10 11 12 15 
5 7 8 9 10 11 19 28 
5 7 8 9 10 19 28 
7 8 9 10 11 19 28 
7 8 9 10 11 12 
7 8 9 10 11 12 
8 9 10 11 12 
0 3 4 5 45 52 53 54 
3 4 5 45 52 53 54 
3 4 5 45 52 53 54 
3 4 5 52 53 54 
0 3 4 5 45 52 53 54 55 
3 45 52 53 54 55 
0 3 4 45 52 53 54 55 
3 37 45 52 53 54 55 
0 3 37 45 52 53 54 55 
0 3 37 45 52 53 54 55 
0 3 4 5 45 52 53 54 
7 8 9 10 19 28 29 
12 16 
12 16 
12 16 
12 16 
12 16 
12 16 
12 16 
12 16 
12 16 
12 16 
12 16 
12 16 
12 16 
12 16 
12 16 
12 16 
12 16 
12 16 
12 16 
12 16 
12 16 
12 16 
12 16 
12 16 
12 16 
12 16 
12 
12 
12 
12 
12 16 
12 
12 
12 
12 16 
12 16 
12 16 
12 16 
12 16 
12 16 
12 16 
12 16 
12 16 
12 16 
12 16 
12 16 
12 16 
12 16 
12 16 
12 16 
12 16 
12 16 
12 16 
12 16 
12 16 
12 16 
12 16 
12 16 
12 16 
12 16 
12 16 
12 16 
12 16 
12 16 
12 16 
12 15 16 
12 15 16 
11 12 15 16 
12 15 16 
12 
12 
12 15 16 
12 16 
12 16 
12 16 
11 12 15 16 
10 11 12 15 16 
10 11 12 15 16 
12 15 16 
12 15 16 
12 15 16 
9 10 11 12 15 16 
9 10 11 12 15 16 
9 10 11 12 15 16 
9 10 11 12 15 16 
10 11 12 15 16 
12 15 16 
10 11 12 15 16 
11 12 15 16 
11 12 15 16 
10 11 12 15 16 
9 10 11 12 15 16 
9 10 11 12 15 16 
9 10 11 12 15 16 
9 10 11 12 15 16 
10 11 12 15 16 
11 12 15 16 
8 9 10 11 12 15 16 
8 9 10 11 12 15 16 
9 10 11 12 15 16 
12 16 
12 16 
12 15 16 
12 16 
12 16 
12 16 
12 16 
16 
16 
16 
12 16 
12 16 
12 16 
12 16 
16 
16 
12 16 
12 16 
12 16 
12 16 
12 16 
12 16 
12 16 
12 15 16 
12 16 
12 15 16 
12 15 16 
16 
16 
12 16 
16 
16 
16 
16 
16 
16 
16 
16 
16 
16 
16 
16 
16 
16 
16 
16 
16 
16 
9 10 11 15 16 
10 15 16 
10 15 16 
9 10 11 12 15 16 
9 10 11 12 15 16 
8 9 10 11 12 15 16 
9 10 11 12 15 16 
12 
12 
12 
12 
12 
12 
11 12 
11 12 
11 12 
11 12 
11 12 
11 12 
10 11 12 
9 10 11 12 15 
9 10 11 12 15 
9 10 11 12 
9 10 11 12 
9 10 11 12 
9 10 11 12 
10 11 12 
10 11 12 
12 
12 
12 
12 
12 
12 
12 
12 
8 9 10 11 12 15 16 
8 9 10 11 12 15 16 
12 15 16 
12 15 16 
12 15 16 
11 12 15 16 
11 12 16 
12 16 
12 
12 
12 
12 
12 
16 
16 
16 
16 
16 
16 
16 
16 
16 
16 
16 
16 
16 
16 
16 
16 
16 
16 
16 
16 
16 
16 
16 
16 
16 
16 
16 
16 
16 
16 
16 
16 
15 16 
16 
16 
12 16 
11 12 15 16 
10 11 12 15 16 
11 12 15 16 
9 10 11 12 15 16 
9 10 11 12 15 16 
12 16 
12 
9 10 11 12 15 16 
12 
12 16 
12 15 16 
12 15 16 
12 15 16 
10 11 12 15 16 
9 10 11 12 15 16 
10 11 12 15 16 
12 16 
12 
12 16 
12 16 
12 
12 16 
12 
12 
12 
12 
12 
12 
12 
12 
12 
12 
12 
12 
12 
12 
12 
12 
12 
12 
12 
12 
11 12 15 16 
9 10 11 12 15 16 
9 10 11 12 15 16 
8 9 10 11 12 15 16 
8 9 10 11 12 15 16 
8 9 10 11 12 15 16 
8 9 10 11 12 15 16 
9 10 11 12 15 16 
9 10 11 12 15 
8 9 10 11 12 
8 9 10 11 12 
8 9 10 11 12 15 16 
8 9 10 11 12 15 16 
8 9 10 11 12 15 16 
8 9 10 11 12 15 16 
8 9 10 11 12 15 16 
8 9 10 11 12 15 16 
8 9 10 11 12 15 
8 9 10 11 12 
8 9 10 11 12 
3 52 53 54 55 56 
3 52 53 54 55 56 
3 52 53 54 55 56 
3 52 53 54 55 56 
3 52 53 54 55 56 
52 53 54 55 56 57 
52 53 54 55 56 57 
52 53 54 55 56 57 
52 53 54 55 56 57 
52 53 54 55 56 57 
52 53 54 55 56 57 
52 53 54 55 56 57 
52 53 54 55 56 57 
53 54 55 56 57 
53 54 55 56 57 
53 54 55 56 57 
53 54 55 56 57 
53 54 55 56 57 
53 54 55 56 57 
53 54 55 56 57 
53 54 55 56 57 
53 54 55 56 57 
53 54 55 56 57 
53 54 55 56 57 
53 54 55 56 57 
53 54 55 56 57 
54 55 56 57 
54 55 56 57 
53 54 55 56 57 
54 55 56 57 
53 54 55 56 57 
54 55 56 57 
53 54 55 56 57 
54 55 56 57 
53 54 55 56 57 
55 56 57 
55 56 57 
55 56 57 
55 56 57 
55 56 57 
55 56 57 
55 56 57 
55 56 57 
55 56 57 
55 56 57 
56 57 
56 57 
56 57 
56 57 
56 57 
56 57 
56 57 
56 57 
56 57 
56 57 
8 9 10 11 15 16 19 28 
8 9 10 11 15 16 19 28 
7 8 9 10 11 12 15 16 19 
7 8 9 10 11 12 15 16 19 28 
7 8 9 10 11 15 16 19 28 
8 9 10 11 12 15 16 19 
7 8 9 10 11 16 19 28 
7 8 9 10 11 16 19 28 
7 8 9 10 11 16 19 28 
0 3 4 5 7 19 20 
3 4 5 7 8 19 20 
3 4 5 7 8 19 20 
3 4 5 7 19 20 
0 20 21 22 29 30 
0 20 21 22 29 30 
0 19 20 21 22 29 30 
0 19 20 21 22 29 30 
0 19 20 21 28 29 30 37 
0 19 20 21 28 29 30 
0 19 20 21 22 28 29 30 
0 20 21 22 
20 21 22 
0 20 21 22 29 30 
20 21 22 29 
20 21 22 
20 21 22 
20 21 22 
20 21 22 
20 21 22 
20 21 22 
19 20 21 22 29 30 
20 21 22 29 
0 19 20 21 22 28 29 30 
19 20 21 22 29 
19 20 21 22 28 29 30 
20 21 22 
20 21 22 
20 21 22 
21 22 23 
21 22 23 
20 21 22 
20 21 22 
21 22 23 24 
21 22 23 24 
21 22 23 24 
21 22 23 24 
21 22 23 24 25 
21 22 23 24 25 
21 22 23 24 25 
21 22 23 24 25 
22 23 24 25 
22 23 24 25 
22 23 24 25 
22 23 24 25 
22 23 24 25 
22 23 24 25 
22 23 24 25 
22 23 24 25 
22 23 24 25 
22 23 24 25 
22 23 24 25 
22 23 24 25 
22 23 24 25 
22 23 24 25 
22 23 24 25 
21 22 23 24 25 
21 22 23 24 25 
21 22 23 24 
21 22 23 24 
21 22 23 
21 22 23 
21 22 23 
21 22 23 24 
21 22 23 24 
21 22 23 24 25 
21 22 23 
21 22 23 24 
21 22 23 24 
21 22 23 24 
21 22 23 24 25 
22 23 24 25 
22 23 24 25 
22 23 24 25 
22 23 24 25 
22 23 24 25 
22 23 24 25 
22 23 24 25 
22 23 24 25 
22 23 24 25 
22 23 24 25 
22 23 24 25 
22 23 24 25 
22 23 24 25 
7 8 9 19 20 28 29 
7 8 9 10 19 20 28 29 
7 8 9 19 20 21 28 29 30 
7 8 19 20 21 28 29 30 
3 4 5 7 19 28 
3 4 5 7 8 19 28 
7 8 9 10 11 16 19 20 28 
7 8 9 10 11 19 28 
7 8 9 10 19 20 28 
7 8 9 10 19 20 28 
5 7 8 9 19 20 28 29 
7 8 9 19 20 21 28 29 
7 8 9 19 20 21 28 29 
7 8 9 19 20 28 29 
5 7 8 9 19 20 28 
5 7 8 19 20 21 28 29 
5 7 8 19 20 28 
0 5 7 8 19 20 21 28 
0 4 5 7 8 19 20 
0 4 5 7 19 20 21 
0 3 4 5 7 19 20 21 37 
0 3 4 5 7 19 20 21 37 
0 3 4 5 7 19 20 37 
0 3 4 5 7 19 20 37 
7 8 19 20 21 28 29 30 
7 8 19 20 21 28 29 
5 7 8 19 20 21 28 29 
0 5 7 8 19 20 21 28 
0 4 5 19 20 21 30 37 38 45 54 55 56 
0 4 5 19 20 21 29 30 37 38 45 55 
0 4 5 19 20 21 30 37 38 
0 3 4 5 19 20 21 30 37 38 45 55 
0 3 4 5 7 19 20 21 37 38 
0 3 4 5 7 19 20 21 37 38 
0 5 19 20 21 29 30 37 38 45 54 55 
0 5 20 21 29 30 37 38 45 54 55 56 
0 4 5 19 20 21 29 30 37 
0 4 5 7 19 20 21 30 37 
0 5 19 20 21 29 30 37 38 
0 19 20 21 29 30 37 38 45 55 
0 4 5 7 19 20 21 37 
0 4 5 7 19 20 21 37 
0 3 4 5 7 19 20 21 37 
0 5 19 20 21 29 30 37 
0 5 19 20 21 29 30 37 
0 8 19 20 21 28 29 30 
8 19 20 21 28 29 30 
0 19 20 21 28 29 30 
0 19 20 21 28 29 30 
7 8 19 20 21 28 29 30 
19 20 21 28 29 30 
19 20 21 28 29 30 
0 19 20 21 28 29 30 
0 19 20 21 29 
19 20 21 29 
19 20 21 28 29 
0 19 20 21 29 
7 19 20 21 28 29 
0 5 7 19 20 21 28 29 
0 19 20 21 29 30 
0 5 19 20 21 30 37 
19 20 21 22 29 
19 20 21 22 29 
19 20 21 22 
19 20 21 22 29 
0 19 20 21 22 
19 20 21 22 
0 19 20 21 22 30 
0 20 21 22 
20 21 22 
20 21 22 
20 21 22 
20 21 22 
20 21 22 
20 21 22 
21 22 23 
21 22 23 24 
21 22 23 
21 22 23 24 
20 21 22 
20 21 22 
20 21 22 
20 21 22 
21 22 23 
21 22 23 24 
20 21 22 
20 21 22 
21 22 23 
21 22 23 24 
21 22 23 24 
21 22 23 24 
21 22 23 24 
21 22 23 24 25 
21 22 23 24 25 
21 22 23 24 25 
21 22 23 24 25 
22 23 24 25 
22 23 24 25 
22 23 24 25 
22 23 24 25 
22 23 24 25 
21 22 23 24 25 
22 23 24 25 
22 23 24 25 
22 23 24 25 
22 23 24 25 
22 23 24 25 
22 23 24 25 
22 23 24 25 
21 22 23 24 25 
21 22 23 24 25 
21 22 23 24 
0 3 4 5 7 19 20 21 37 38 
0 3 4 5 7 19 20 21 37 
0 3 4 5 7 19 20 37 38 54 
0 3 4 5 19 20 21 37 38 54 55 
0 3 4 5 7 19 20 21 37 38 
0 3 4 5 7 19 20 21 37 
0 3 4 5 7 19 20 37 
0 3 4 5 7 19 20 37 52 
0 3 4 5 7 19 20 37 52 
0 3 4 5 7 19 20 37 52 
0 3 4 5 7 19 37 52 53 
0 3 4 5 7 19 20 37 52 
0 3 4 5 37 52 53 54 
0 3 4 5 19 37 52 53 54 
3 4 5 7 19 52 
3 4 5 7 37 52 53 
0 3 4 5 7 19 20 37 52 54 
0 3 4 5 19 20 37 52 53 54 
0 3 4 5 19 20 37 38 52 54 55 
0 3 4 5 37 52 53 
0 3 4 5 7 37 52 53 
3 4 5 37 52 53 
3 4 5 37 52 53 
3 52 53 54 55 56 
3 52 53 54 55 
0 3 4 5 20 37 38 54 55 
0 3 4 37 45 52 53 54 55 
0 3 37 45 52 53 54 55 
0 3 37 38 45 52 53 54 55 56 
0 3 4 37 38 45 52 53 54 55 
3 52 53 54 55 56 
3 37 52 53 54 55 
3 37 52 53 54 55 
3 52 53 54 55 56 
0 3 4 5 20 21 37 38 54 55 
0 3 4 5 19 20 21 37 38 55 
0 3 4 5 20 37 38 52 54 55 
0 3 4 5 37 38 45 52 53 54 55 56 
0 3 4 37 38 45 54 55 56 
0 3 4 5 20 37 38 54 55 56 
0 3 37 38 45 53 54 55 56 
0 3 37 38 45 52 53 54 55 56 
0 3 37 38 45 54 55 56 
0 3 37 38 54 55 56 
0 3 37 38 45 54 55 56 57 
0 37 38 39 45 54 55 56 57 
0 3 37 38 39 54 55 56 57 
0 3 37 38 45 54 55 56 57 
0 37 38 39 55 56 57 
0 3 37 38 54 55 56 
0 3 37 38 54 55 56 
0 3 37 38 39 54 55 56 57 
0 3 37 38 45 52 53 54 55 56 
0 3 21 37 38 45 54 55 56 57 
0 37 38 39 45 54 55 56 57 
0 3 4 5 19 20 21 37 38 55 
0 3 4 5 19 20 21 37 38 45 55 56 
0 3 4 5 20 21 30 37 38 45 54 55 56 
0 20 21 30 37 38 45 54 55 56 
0 3 20 21 30 37 38 45 54 55 56 
0 3 20 21 30 37 38 45 53 54 55 56 
0 3 20 21 29 30 37 38 45 46 54 55 56 
0 3 4 20 21 37 38 55 56 
0 20 21 37 38 39 55 56 57 
0 20 21 37 38 39 55 56 57 
0 3 4 5 20 21 37 38 45 54 55 56 
0 37 38 39 55 56 57 
0 37 38 39 55 56 57 
0 37 38 39 55 56 57 
37 38 39 55 56 57 
0 37 38 39 55 56 57 
0 37 38 39 55 56 57 
0 37 38 39 55 56 57 
37 38 39 55 56 57 
37 38 39 55 56 57 
0 37 38 39 55 56 57 
37 38 39 40 56 57 
0 37 38 39 40 56 57 
37 38 39 56 57 
37 38 39 55 56 57 
0 37 38 39 54 55 56 57 
37 38 39 55 56 57 
37 38 39 40 55 56 57 
37 38 39 55 56 57 
37 38 39 40 55 56 57 
37 38 39 40 56 57 
37 38 39 40 56 57 
38 39 40 41 56 57 
38 39 40 41 56 57 
38 39 40 41 56 57 
38 39 40 41 56 57 
37 38 39 40 56 57 
38 39 40 41 56 57 
37 38 39 40 56 57 
37 38 39 40 56 57 
38 39 40 41 56 57 
38 39 40 41 42 57 
38 39 40 41 42 56 57 
38 39 40 41 56 57 
38 39 40 41 56 57 
38 39 40 41 56 57 
38 39 40 41 56 57 
38 39 40 41 56 57 
38 39 40 41 56 57 
38 39 40 41 42 57 
38 39 40 41 42 57 
38 39 40 41 42 56 57 
38 39 40 41 42 57 
38 39 40 41 42 57 
38 39 40 41 42 57 
38 39 40 41 42 57 
38 39 40 41 42 57 
38 39 40 41 42 57 
38 39 40 41 42 57 
38 39 40 41 42 57 
38 39 40 41 42 57 
39 40 41 42 57 
38 39 40 41 42 57 
38 39 40 41 42 
38 39 40 41 42 
38 39 40 41 42 
38 39 40 41 42 
39 40 41 42 
39 40 41 42 
39 40 41 42 
39 40 41 42 
39 40 41 42 
39 40 41 42 
39 40 41 42 
39 40 41 42 
39 40 41 42 
39 40 41 42 
39 40 41 42 
39 40 41 42 
39 40 41 42 
39 40 41 42 
39 40 41 42 
39 40 41 42 
39 40 41 42 
39 40 41 42 
39 40 41 42 
39 40 41 42 
39 40 41 42 
39 40 41 42 
39 40 41 42 
39 40 41 42 
39 40 41 42 
0 20 21 37 38 45 54 55 56 57 
0 20 21 30 37 38 45 54 55 56 57 
0 20 21 37 38 39 45 54 55 56 57 
0 21 37 38 39 45 54 55 56 57 
0 37 38 39 55 56 57 
0 37 38 39 54 55 56 57 
0 37 38 39 55 56 57 
0 37 38 39 55 56 57 
0 37 38 39 40 55 56 57 
37 38 39 40 55 56 57 
37 38 39 40 41 56 57 
37 38 39 40 56 57 
38 39 40 41 56 57 
38 39 40 41 56 57 
0 37 38 39 54 55 56 57 
0 37 38 39 55 56 57 
37 38 39 40 55 56 57 
37 38 39 40 55 56 57 
38 39 40 41 56 57 
38 39 40 41 42 56 57 
38 39 40 41 42 57 
38 39 40 41 42 56 57 
38 39 40 41 42 56 57 
38 39 40 41 42 56 57 
38 39 40 41 56 57 
38 39 40 41 42 57 
38 39 40 41 42 57 
39 40 41 42 57 
38 39 40 41 42 57 
38 39 40 41 42 57 
39 40 41 42 
39 40 41 42 
39 40 41 42 
39 40 41 42 
39 40 41 42 
39 40 41 42 
39 40 41 42 
39 40 41 42 
39 40 41 42 
39 40 41 42 
39 40 41 42 
7 8 9 10 11 12 15 16 19 
7 8 9 10 11 12 
7 8 9 10 11 12 19 
7 8 9 10 11 12 19 
7 8 9 10 11 12 15 16 19 
7 8 9 10 11 12 15 16 19 
7 8 9 10 11 12 15 16 19 
7 8 9 10 11 12 15 16 19 
7 8 9 10 11 19 
7 8 9 10 11 19 
7 8 9 10 11 19 
7 8 9 10 11 19 28 
7 8 9 10 11 19 
7 8 9 10 11 19 
5 7 8 9 10 19 28 
5 7 8 9 10 19 
5 7 8 19 28 
5 7 8 9 19 28 
0 5 7 19 20 21 37 
0 5 7 19 20 21 
4 5 7 8 19 20 
5 7 8 19 20 
5 7 8 19 20 
4 5 7 8 19 20 
4 5 7 8 19 28 
0 3 4 5 7 19 20 21 37 
0 3 4 5 7 19 20 21 37 
0 3 4 5 7 19 20 
0 3 4 5 7 19 20 37 
0 19 20 21 28 29 30 
5 7 8 9 19 20 
5 7 8 9 19 
5 7 8 9 19 28 
5 7 8 9 19 20 
0 3 4 5 7 19 20 37 
0 3 4 5 7 19 20 37 
0 3 4 5 7 19 20 52 
0 3 4 5 7 19 20 52 
0 3 4 5 7 19 20 37 52 
0 3 4 5 7 19 20 37 
3 4 5 7 19 52 
3 4 5 7 19 52 
0 3 4 5 7 19 20 
0 19 20 21 28 29 30 
7 8 9 10 11 16 19 
5 7 8 9 19 20 28 
7 8 9 10 16 19 20 28 
7 8 9 10 16 19 20 28 29 
0 19 20 21 28 29 30 37 
5 7 8 9 19 20 28 
5 7 8 9 19 20 28 
5 7 8 19 20 
4 5 7 8 19 20 
0 19 20 21 29 30 37 45 55 
0 20 21 29 30 37 38 45 54 55 
0 20 21 29 30 37 38 45 54 55 56 
0 3 4 20 37 38 54 55 56 
0 3 37 38 45 53 54 55 56 
0 3 21 37 38 45 53 54 55 56 
0 3 20 21 37 38 45 54 55 56 57 
0 3 37 38 45 54 55 56 
0 3 4 5 20 21 37 38 54 55 56 
0 3 4 5 20 21 37 38 55 56 
0 3 21 37 38 45 53 54 55 56 
0 3 37 38 45 53 54 55 
0 3 37 45 52 53 54 55 
0 3 4 5 20 37 38 52 53 54 55 
0 3 4 5 37 52 53 54 
0 3 4 5 37 52 53 54 55 
0 3 4 5 37 38 52 53 54 55 
0 3 4 5 37 52 53 54 55 
0 3 37 38 45 53 54 55 56 
0 3 4 5 7 19 37 52 
3 37 45 52 53 54 55 
5 7 8 9 10 19 20 28 
3 37 45 52 53 54 55 
0 3 37 38 45 52 53 54 55 56 
0 3 37 45 52 53 54 55 
3 37 52 53 54 55 
3 37 52 53 54 55 
3 4 37 52 53 54 55 
3 4 37 52 53 54 
3 52 53 54 55 
3 4 37 52 53 54 
0 3 4 5 37 52 53 54 
8 9 10 11 12 15 16 19 
8 9 10 11 12 15 16 19 
8 9 10 11 12 15 16 19 
8 9 10 11 12 15 16 19 
7 8 9 10 11 12 15 16 19 
8 9 10 11 12 15 16 
8 9 10 11 12 15 
0 3 4 5 37 52 53 54 
3 4 5 37 52 53 54 
3 4 5 37 52 53 54 
0 3 4 5 37 52 53 54 55 
3 37 45 52 53 54 55 
0 3 4 37 52 53 54 55 
3 37 45 52 53 54 55 
0 3 37 45 52 53 54 55 
0 3 4 5 37 52 53 54 
7 8 9 10 19 20 28 29 
12 16 
12 16 
12 16 
12 16 
12 16 
12 16 
12 16 
12 16 
12 16 
12 16 
12 16 
12 16 
12 16 
12 16 
12 16 
12 16 
12 16 
12 16 
12 16 
12 16 
12 16 
12 16 
12 16 
12 16 
12 16 
12 16 
12 
12 
12 
12 
12 16 
12 
12 
12 
12 16 
12 16 
12 16 
12 16 
12 16 
12 16 
12 16 
12 16 
12 16 
12 16 
12 16 
12 16 
12 16 
12 16 
12 16 
12 16 
12 16 
12 16 
12 16 
12 16 
12 16 
12 16 
12 16 
12 15 16 
12 15 16 
11 12 15 16 
12 15 16 
12 
12 
12 15 16 
12 16 
12 16 
12 16 
11 12 15 16 
10 11 12 15 16 
10 11 12 15 16 
12 15 16 
12 15 16 
12 15 16 
9 10 11 12 15 16 
9 10 11 12 15 16 
9 10 11 12 15 16 
9 10 11 12 15 16 
10 11 12 15 16 
12 15 16 
10 11 12 15 16 
11 12 15 16 
11 12 15 16 
10 11 12 15 16 
9 10 11 12 15 16 
9 10 11 12 15 16 
9 10 11 12 15 16 
9 10 11 12 15 16 
10 11 12 15 16 
11 12 15 16 
8 9 10 11 12 15 16 
8 9 10 11 12 15 16 
9 10 11 12 15 16 
12 16 
12 16 
12 15 16 
12 16 
12 16 
12 16 
12 16 
16 
12 16 
12 16 
16 
12 16 
12 16 
12 16 
12 16 
12 16 
12 16 
12 16 
12 15 16 
12 16 
12 15 16 
12 15 16 
16 
16 
12 16 
16 
16 
16 
16 
16 
16 
16 
16 
16 
16 
16 
16 
16 
10 15 16 
9 10 11 12 15 16 
9 10 11 12 15 16 
12 
12 
12 
12 
11 12 
11 12 
11 12 
11 12 
10 11 12 
9 10 11 12 15 
9 10 11 12 15 
9 10 11 12 
9 10 11 12 
10 11 12 
12 
12 
12 
12 
12 
8 9 10 11 12 15 16 
12 15 16 
12 15 16 
12 15 16 
11 12 15 16 
11 12 16 
12 16 
12 
12 
12 
12 
12 
16 
16 
16 
16 
16 
16 
16 
16 
16 
16 
16 
16 
16 
16 
16 
16 
16 
16 
16 
16 
16 
16 
16 
16 
16 
15 16 
16 
12 16 
11 12 15 16 
10 11 12 15 16 
11 12 15 16 
9 10 11 12 15 16 
9 10 11 12 15 16 
12 16 
12 
9 10 11 12 15 16 
12 
12 16 
12 15 16 
12 15 16 
12 15 16 
10 11 12 15 16 
9 10 11 12 15 16 
10 11 12 15 16 
12 16 
12 
12 16 
12 16 
12 
12 16 
12 
12 
12 
12 
12 
12 
12 
12 
12 
12 
12 
12 
12 
12 
12 
12 
12 
12 
12 
12 
11 12 15 16 
9 10 11 12 15 16 
9 10 11 12 15 16 
8 9 10 11 12 15 16 
8 9 10 11 12 15 16 
8 9 10 11 12 15 16 
8 9 10 11 12 15 16 
9 10 11 12 15 16 
9 10 11 12 15 
8 9 10 11 12 
8 9 10 11 12 15 16 
8 9 10 11 12 15 16 
8 9 10 11 12 15 16 
8 9 10 11 12 15 16 
8 9 10 11 12 15 16 
8 9 10 11 12 15 16 
8 9 10 11 12 15 
8 9 10 11 12 
3 52 53 54 55 56 
3 52 53 54 55 56 
3 52 53 54 55 56 
52 53 54 55 56 57 
52 53 54 55 56 57 
52 53 54 55 56 57 
52 53 54 55 56 57 
52 53 54 55 56 57 
53 54 55 56 57 
53 54 55 56 57 
53 54 55 56 57 
53 54 55 56 57 
53 54 55 56 57 
53 54 55 56 57 
53 54 55 56 57 
54 55 56 57 
53 54 55 56 57 
54 55 56 57 
53 54 55 56 57 
54 55 56 57 
53 54 55 56 57 
55 56 57 
55 56 57 
55 56 57 
55 56 57 
55 56 57 
55 56 57 
56 57 
56 57 
56 57 
56 57 
56 57 
56 57 
