0 0 0
0 0.389391 -0.142261
0 0 0
0 0 0
0.0357903 0 0
0.0306715 0 0
0.047561 0 0
0.0406149 0 0
0.0421968 0 0
0.127257 0 0
0.101994 0 0
0.0576851 0 0
0.0413719 0 0
0.15568 0 0
0.00902916 -0.0211039 0
0 0 0
0.0193976 0 0
0.131031 0 0
0.00810228 0.0228555 0.0437001
0 0 0
0.13452 0 0
0.10591 0 0
0.134195 0 0
0.11525 0 0
0.0233377 0 0
0.0171326 0 0
0.0183315 0 0
0.00808632 0.0228695 -0.0436803
0 0 0
-0.13452 0 0
-0.10591 0 0
-0.134195 0 0
-0.11525 0 0
-0.0233377 0 0
-0.0171326 0 0
-0.0183315 0 0
-0.044868 -0.0272395 0.0267629
0 0 0
0.106007 0 0
0.136805 0 0
0.114995 0 0
0.0225203 0 0
0.0181519 0 0
0.0181692 0 0
-0.0448809 -0.0272354 -0.0267454
0 0 0
-0.106007 0 0
-0.136805 0 0
-0.114996 0 0
-0.0225201 0 0
-0.0181523 0 0
-0.0181692 0 0
0 0 0
0.0410222 0 0
0.0381793 0 0
0.0462432 0 0
0.0521859 0 0
0.054642 0 0
0.0690673 0 0
