0.0 0.0 0.0 1.0
0.687654724551 -0.164714444531 0.164714543187 0.687654840601
0.13918561406 0.693273398591 -0.13918527557 0.693272453518
0.677065386944 -0.20391879903 -0.677064555122 -0.203918860447
0.0258573277267 2.23821833351e-06 8.78334165225e-08 0.999665656607
0.680284500179 -2.49595779727e-07 3.81959519173e-07 0.732948089908
-2.63686669434e-07 -0.656919687025 0.753960658788 -3.62839886686e-07
-0.0809119912141 -3.20012745836e-08 -1.51972782682e-08 0.996721237358
-0.00498435580562 3.92085381493e-08 8.09465077903e-10 0.999987549922
-0.136161855819 2.85874212976e-08 -2.51319894535e-08 0.990686592722
-0.122810507281 -3.33145108944e-08 1.92494404019e-08 0.992430148675
-0.102220215459 -0.0533616980447 0.500978298675 0.857743740869
-0.0952967440553 0.052831623208 -0.526366951052 0.843246805508
0.0459070263944 2.11777022439e-08 -7.76330970801e-09 0.998945719246
0.756070059502 0.262273851435 0.0555214910523 0.597066097681
0.561930459658 0.278099057395 0.428049228642 0.65089855642
