0.0 0.0 0.0 0.0 0.0 0.0 1.0 
0.0 32.442222595214844 -11.852547645568848 0.0 0.0 0.0 1.0 
0.0 0.0 0.0 -0.09576987976376773 -0.7006780681364381 0.09574650272488493 0.7005076287691238 
0.0 0.0 0.0 0.0 0.0 0.0 1.0 
0.0 0.0 0.0 -0.00011672146591648814 3.4367773623673e-05 -0.9998976104219383 0.014668768443163869 
3.417776107788086 0.0 0.0 0.0 0.0 0.05474538133348413 0.9985003402348351 
3.1809170246124268 0.0 0.0 0.0 0.0 0.3903852818291308 0.920651577723212 
3.852766990661621 0.0 0.0 0.0 0.0 0.12464781908571135 0.9922010465883634 
4.347879886627197 0.0 0.0 0.0 0.0 -0.022352263816035223 0.9997501508202788 
4.552512168884277 0.0 0.0 0.0 0.0 0.031216563179653208 0.9995126430728963 
5.754360198974609 0.0 0.0 0.0 0.0 0.0 1.0 
-3.7392640113830566 -2.2691221237182617 -2.2283029556274414 0.05587605655741519 -0.13555096671790148 0.7779305929337209 0.611005527338275 
0.0 0.0 0.0 -0.1389207069494218 0.08341829216857609 0.0337830905263393 0.9862054125300584 
-8.832042694091797 0.0 0.0 0.8039196305965373 -0.5763792909773056 -0.14577412471669116 0.015682116067140355 
-11.397948265075684 0.0 0.0 0.876457958141259 -0.481478405525947 2.1046089599547023e-08 -3.831119406757076e-08 
-9.580903053283691 0.0 0.0 1.7268570686339775e-08 2.5325661729139817e-09 0.1451053522098104 0.9894162170779477 
-1.876270055770874 0.0 0.0 1.7453292144864463e-08 0.0 0.0 1.0 
-1.5123639106750488 0.0 0.0 3.4906584289728926e-08 0.0 0.0 1.0 
-1.5137749910354614 0.0 0.0 6.108652428338246e-08 0.0 0.0 1.0 
-3.7381930351257324 -2.269468069076538 2.2297580242156982 -0.13564340512539985 -0.05565380332270214 -0.6109773393992075 0.7779525572460534 
0.0 0.0 0.0 -0.13892050626794386 0.08341831983166592 0.033783066826775114 0.9862054427492415 
8.832011222839355 0.0 0.0 0.8039196305965373 -0.5763792909773056 -0.14577412471669116 0.015682116067140355 
11.39793586730957 0.0 0.0 0.876457958141259 -0.481478405525947 -2.1046089599547023e-08 3.831119406757076e-08 
9.58086109161377 0.0 0.0 0.0 0.0 0.1451053522098104 0.9894162170779477 
1.8762829303741455 0.0 0.0 0.0 0.0 0.0 1.0 
1.5123319625854492 0.0 0.0 0.0 0.0 0.0 1.0 
1.5137760639190674 0.0 0.0 0.0 0.0 0.0 1.0 
2.9818811416625977 0.0 0.0 0.0 0.0 0.044841423231696015 0.9989941127496709 
2.555406093597412 0.0 0.0 0.0 0.0 -0.017914802804488577 0.9998395165176294 
3.962559938430786 0.0 0.0 0.0 0.0 0.01342214667098611 0.999909918423238 
3.3838391304016113 0.0 0.0 0.0 0.0 0.17486672444683946 0.9845921110476811 
0.6737139821052551 1.9053800106048584 -3.639233112335205 0.0001215057394847346 -6.3121671030776756e-06 0.7948473945990575 0.6068094054365288 
0.0 0.0 0.0 0.0 0.0 0.0 1.0 
-11.207573890686035 0.0 0.0 0.0 0.0 -0.7179885606468355 0.6960549134735181 
-8.823958396911621 0.0 0.0 0.0 0.0 0.3457199719357004 0.9383377305944703 
-11.180511474609375 0.0 0.0 0.0 0.0 -0.014167647817219764 0.9998996207402003 
-9.602079391479492 0.0 0.0 0.0 0.0 0.23344537346639058 0.9723699217199201 
-1.944383978843689 0.0 0.0 0.0 0.0 0.0 1.0 
-1.42740797996521 0.0 0.0 0.0 0.0 0.0 1.0 
-1.527297019958496 0.0 0.0 0.0 0.0 0.0 1.0 
0.6750440001487732 1.904209017753601 3.6408839225769043 6.312181224365158e-06 0.00012150573661176466 -0.6068095099408133 0.794847306824171 
0.0 0.0 0.0 0.0 0.0 0.0 1.0 
11.207579612731934 0.0 0.0 0.0 0.0 -0.7179885606468355 0.6960549134735181 
8.823958396911621 0.0 0.0 0.0 0.0 0.3457199719357004 0.9383377305944703 
11.180461883544922 0.0 0.0 0.0 0.0 -0.014167647817219764 0.9998996207402003 
9.602083206176758 0.0 0.0 0.0 0.0 0.23344537346639058 0.9723699217199201 
1.94438898563385 0.0 0.0 0.0 0.0 0.0 1.0 
1.4274039268493652 0.0 0.0 0.0 0.0 0.0 1.0 
1.527297019958496 0.0 0.0 0.0 0.0 0.0 1.0 
3.515636920928955 0.0 0.0 0.0 0.0 0.35831383022226027 0.933601187831986 
10.602473258972168 0.0 0.0 0.0 0.0 0.059660584396517495 0.9982187231415119 
8.497636795043945 0.0 0.0 0.0 0.0 0.03788157463891042 0.9992822365952024 
4.8060479164123535 0.0 0.0 0.0 0.0 0.011909383218951328 0.9999290828592581 
3.4469120502471924 0.0 0.0 0.0 0.0 -0.015029146184959097 0.9998870428184882 
0.7522670030593872 -1.7582759857177734 0.0 0.0 0.0 -0.979199194799654 0.20290193781051918 
0.0 0.0 0.0 0.0 0.0 0.0 1.0 
1.6161179542541504 0.0 0.0 0.0 0.0 0.5364092919709256 0.8439579813314655 
10.916902542114258 0.0 0.0 0.0 0.0 0.0 1.0 
12.970555305480957 0.0 0.0 0.0 0.0 0.0 1.0 
