14 
14 
14 
14 
14 
14 
14 
14 
14 
14 
14 
14 
14 
14 
14 
14 
14 
14 
14 
14 
14 
14 
14 
14 
7 14 
14 
7 14 
7 14 
7 14 
7 14 
14 
14 
14 
14 
14 
14 
14 
14 
7 14 
7 14 
7 14 
7 14 
3 7 14 
3 7 14 
3 10 5 7 14 16 25 
3 7 14 16 25 
3 7 14 16 25 
3 7 14 16 25 
3 7 14 16 25 
3 7 14 16 25 
7 14 25 
7 14 25 
7 14 
7 14 
7 14 
7 14 
3 7 14 16 25 
3 7 14 16 25 
7 14 16 25 
3 10 5 7 14 16 25 
3 10 5 7 14 16 25 
3 10 5 7 14 16 25 
3 10 5 7 14 16 25 
3 10 5 7 14 16 25 
3 10 5 7 14 16 25 
3 10 5 7 14 16 25 
3 10 5 7 14 16 25 
3 10 5 7 14 16 25 
3 10 5 7 14 16 25 
3 10 5 7 14 24 16 25 
3 10 5 7 14 24 16 25 
3 10 5 7 14 24 16 25 
3 10 5 7 14 24 16 25 
3 5 7 14 24 16 25 
5 7 14 24 16 25 
14 24 16 25 
15 24 16 25 
24 16 25 
15 24 16 25 
15 24 16 25 
15 24 16 25 
15 24 16 25 
24 16 25 
24 16 25 
15 24 16 25 
24 16 25 
24 
24 16 
24 
24 
14 
7 14 
3 7 14 
3 7 14 
3 7 14 25 
3 7 14 16 25 
14 
7 14 
3 7 14 16 25 
3 10 5 7 14 16 25 
3 7 14 16 25 
3 10 5 7 14 16 25 
7 14 
7 14 
7 14 
3 7 14 
3 7 14 
3 7 14 
3 10 7 14 16 25 
3 10 7 14 16 25 
3 10 7 14 16 25 
3 10 5 7 14 16 25 
3 10 5 7 14 16 25 
3 10 7 14 16 25 
3 10 7 14 16 25 
3 7 14 16 25 
3 7 14 16 25 
3 7 14 
3 10 7 14 25 
3 10 7 14 
3 10 7 14 25 
3 10 7 14 16 25 
3 10 7 14 16 25 
3 10 7 14 16 25 
3 10 5 7 14 16 25 
3 10 7 14 16 25 
3 10 5 7 14 16 25 
3 10 5 7 14 16 25 
3 10 5 7 14 16 25 
3 10 7 14 25 
3 10 5 7 14 16 25 
3 10 7 14 
3 10 5 7 14 16 25 
3 5 7 14 16 25 
3 10 5 7 14 16 25 
3 10 5 7 14 16 25 
3 10 5 7 14 16 25 
3 5 7 14 24 16 25 
24 16 25 
3 5 7 14 16 25 
3 5 16 25 
3 5 16 25 
3 5 7 14 16 25 
3 10 5 7 14 16 25 
3 10 5 7 14 16 25 
3 5 12 16 25 
3 5 12 16 25 
3 10 5 7 14 16 25 
3 10 5 7 14 16 25 
3 10 5 7 14 
3 10 7 14 
3 10 7 14 
3 7 14 
3 10 7 14 
3 7 14 
1 3 4 7 14 
1 3 4 7 14 
7 14 
15 24 16 25 
24 16 25 
24 16 25 
15 24 16 25 
24 
24 
15 24 16 25 
15 24 16 25 
24 16 25 
15 24 
24 
24 
15 24 
24 16 
24 16 25 
15 24 16 25 
15 24 16 
15 24 16 25 
15 24 16 
15 24 16 25 
15 24 16 25 
12 15 24 16 25 
3 10 7 14 16 25 
3 10 7 14 16 25 
3 10 7 14 16 25 
3 10 7 14 16 25 
3 10 7 14 16 25 
3 10 7 14 16 25 
3 10 7 14 16 25 
3 10 7 14 16 25 
3 10 7 14 16 25 
3 10 7 14 16 25 
3 10 7 14 16 25 
3 10 7 14 16 25 
3 10 7 14 16 25 
3 10 7 14 16 25 
3 10 7 14 16 25 
3 10 7 14 16 25 
3 10 7 14 16 25 
3 10 7 14 16 25 
3 10 7 14 16 25 
3 10 7 14 16 25 
3 10 7 14 16 25 
3 10 7 14 16 25 
3 10 7 14 16 25 
3 10 7 14 16 25 
3 10 7 14 16 25 
3 10 7 14 16 25 
3 10 7 14 16 25 
3 10 7 14 16 25 
3 10 7 14 16 25 
3 10 7 14 16 25 
3 10 7 14 16 25 
3 10 7 14 16 25 
3 10 7 14 16 25 
3 10 7 14 16 25 
3 10 7 14 16 25 
3 10 7 14 16 25 
3 10 7 14 16 25 
3 10 7 14 16 25 
3 7 14 16 25 
3 7 14 
7 14 
7 14 
7 14 
7 14 
3 7 14 16 25 
7 14 16 25 
3 7 14 16 25 
3 7 14 16 25 
3 7 14 16 25 
3 7 14 
3 7 14 16 25 
3 7 14 16 25 
7 14 16 25 
3 7 14 16 25 
7 14 
7 14 
7 14 
7 14 
15 24 16 
12 15 24 16 25 
15 24 
12 15 24 16 25 
12 15 24 16 
12 15 24 16 25 
15 24 16 17 
12 21 15 24 16 25 
12 15 24 16 25 
1 2 3 4 7 14 
1 2 3 4 7 14 
3 5 12 16 25 
3 5 12 16 25 
3 10 5 12 16 25 
3 10 5 
3 10 
12 21 15 24 16 25 
12 21 16 25 
12 16 25 
5 12 16 25 
1 2 3 10 4 5 7 
1 2 3 10 4 11 7 
2 3 10 4 5 
2 9 3 5 
2 9 
2 9 3 4 6 
2 9 3 4 5 
2 9 3 5 
2 9 3 5 
2 9 3 5 
3 5 12 
2 3 5 12 
2 3 10 5 12 
2 3 10 5 
2 9 3 5 12 
2 9 3 10 5 
2 9 3 10 5 12 
12 21 15 24 16 17 
12 21 15 24 16 25 
12 15 24 16 17 
12 21 15 24 16 25 
2 5 12 21 8 15 24 16 17 
12 21 15 24 16 25 17 
2 12 8 15 24 16 17 
12 21 15 24 16 25 
2 9 5 12 21 8 15 24 16 17 
2 9 5 12 21 15 24 16 17 
2 9 5 12 21 13 8 15 24 16 17 
2 5 12 21 16 
2 9 5 12 21 16 
2 9 5 12 16 
2 9 5 12 21 16 
2 9 5 12 21 16 
2 9 5 12 
2 9 5 12 
2 9 3 5 12 
2 9 5 12 
2 9 3 5 12 
2 9 5 12 
2 9 5 12 
2 9 5 12 
2 9 5 12 6 13 16 17 
2 9 
2 9 5 12 
2 9 5 12 13 16 17 
2 9 5 12 16 17 
2 9 5 12 16 
2 9 5 12 21 16 17 
1 2 9 3 10 4 5 
1 2 9 3 4 5 6 
2 3 10 5 
2 9 3 10 5 
2 9 3 10 4 5 
5 12 
2 3 5 12 
2 9 3 10 5 12 
2 9 3 10 5 12 
2 9 5 12 6 13 8 15 24 16 17 
2 9 5 12 6 13 8 15 16 17 
2 9 5 12 13 8 15 16 17 
2 9 5 12 21 8 15 16 17 
2 9 5 12 21 15 16 17 
2 9 5 12 21 16 
2 5 12 21 16 
2 5 12 21 16 
2 9 3 4 5 
2 9 3 4 5 6 
2 9 3 10 4 5 
2 9 5 12 
2 9 3 5 12 
2 9 3 10 5 12 
2 9 5 12 
2 9 5 12 
2 9 5 12 6 13 8 15 16 17 
2 9 5 12 13 8 15 16 17 
2 9 5 12 21 15 16 17 
2 9 5 12 21 16 17 
16 25 
16 25 
24 16 25 
12 16 25 
12 16 25 
12 16 25 
16 25 
16 25 
15 24 
15 24 16 17 
12 13 8 15 24 16 17 
2 12 13 8 15 24 16 17 
2 9 
2 9 
2 9 5 
2 9 5 
2 9 5 12 
2 9 5 12 
2 9 5 12 
2 9 
2 9 
2 9 5 12 
9 18 27 
9 18 27 
9 18 
9 18 
9 18 27 
9 18 
9 18 27 
9 18 
9 18 27 
9 18 
9 18 27 
9 18 27 
9 18 
9 18 
9 18 
9 18 27 
9 18 27 
9 18 
9 18 27 
9 18 
18 27 
27 
18 27 
18 27 
18 27 
18 27 
18 27 
18 27 
18 27 
18 27 
18 27 
3 10 
3 10 
3 10 
3 10 
3 10 
3 10 5 
3 10 
3 10 
14 
14 
14 
14 
7 14 
7 14 
7 14 
7 14 16 25 
3 10 5 7 14 16 25 
3 10 5 7 14 16 25 
3 10 5 7 14 16 25 
3 10 5 7 14 16 25 
3 10 5 7 14 24 16 25 
3 10 5 7 14 24 16 25 
3 10 5 7 14 24 16 25 
3 10 5 7 14 24 16 25 
5 7 14 24 16 25 
5 14 15 24 16 25 
15 24 16 25 
15 24 16 25 
15 24 16 25 
24 16 25 
24 16 
24 
15 24 16 25 
10 5 7 14 8 24 16 25 
10 5 7 14 8 24 16 25 
10 5 7 14 8 24 16 25 
10 5 7 14 8 24 16 25 
3 10 5 7 14 8 16 25 
3 10 5 7 14 8 16 25 
10 5 7 14 8 24 16 25 
10 5 7 14 8 15 24 16 25 
10 5 7 14 8 24 16 25 
10 5 7 14 8 24 16 25 
5 7 14 8 15 24 16 25 
5 8 15 24 16 25 
10 5 7 14 8 16 25 
10 5 7 14 8 16 25 
5 8 15 24 16 25 
5 8 15 24 16 25 
5 7 14 8 15 16 25 
5 7 14 8 15 16 25 
5 8 15 24 16 25 
10 5 7 14 8 16 25 
10 5 7 14 8 16 25 
10 5 7 14 8 16 25 
10 5 7 14 8 16 25 
10 5 7 14 8 16 25 
8 15 24 16 
5 7 8 15 16 
5 7 8 15 16 
15 24 16 
5 7 14 8 16 
7 14 8 
8 15 
8 15 
15 
7 14 8 
7 14 
7 14 8 
7 14 8 
7 14 8 
7 14 8 
14 
14 
14 
7 14 
7 14 
7 14 
7 14 16 
10 5 7 14 16 25 
10 5 7 14 16 25 
3 10 5 7 14 8 16 25 
3 10 5 7 14 8 16 25 
3 10 5 7 14 8 16 25 
3 10 5 7 14 8 16 25 
10 5 7 14 8 24 16 25 
10 5 7 14 8 24 16 25 
10 5 7 14 24 16 25 
10 5 7 14 15 24 16 25 
5 7 14 8 15 24 16 25 
5 8 15 24 16 25 
5 15 24 16 25 
15 24 16 25 
15 24 16 25 
15 24 
24 
15 24 16 25 
2 9 
9 
2 9 
2 9 
2 9 
9 
2 9 
9 
2 9 
9 
2 9 
9 
9 
2 9 
2 9 
9 
9 
2 9 
9 
2 9 
14 
14 
14 
14 
14 
14 
14 
14 
14 
14 
14 
14 
14 
14 
14 
14 
14 
14 
7 14 
14 
7 14 
7 14 
7 14 
7 14 
14 
14 
14 
14 
14 
7 14 
7 14 
7 14 
7 14 
4 7 14 
4 7 14 
4 11 6 7 14 17 26 
4 7 14 17 26 
4 7 14 17 26 
4 7 14 17 26 
4 7 14 17 26 
4 7 14 17 26 
7 14 26 
7 14 26 
7 14 
7 14 
7 14 
7 14 
4 7 14 17 26 
4 7 14 17 26 
7 14 17 26 
4 11 6 7 14 17 26 
4 11 6 7 14 17 26 
4 11 6 7 14 17 26 
4 11 6 7 14 17 26 
4 11 6 7 14 17 26 
4 11 6 7 14 17 26 
4 11 6 7 14 17 26 
4 11 6 7 14 17 26 
4 11 6 7 14 17 26 
4 11 6 7 14 17 26 
4 11 6 7 14 24 17 26 
4 11 6 7 14 24 17 26 
4 11 6 7 14 24 17 26 
4 11 6 7 14 24 17 26 
4 6 7 14 24 17 26 
6 7 14 24 17 26 
14 24 17 26 
15 24 17 26 
24 17 26 
15 24 17 26 
15 24 17 26 
15 24 17 26 
15 24 17 26 
24 17 26 
24 17 26 
15 24 17 26 
24 17 26 
24 
24 17 
14 
7 14 
4 7 14 
4 7 14 
4 7 14 26 
4 7 14 17 26 
7 14 
4 7 14 17 26 
4 11 6 7 14 17 26 
4 11 6 7 14 17 26 
4 7 14 17 26 
7 14 
4 7 14 
4 7 14 
4 7 14 
4 11 7 14 17 26 
4 11 6 7 14 17 26 
4 11 7 14 17 26 
4 11 7 14 17 26 
4 11 7 14 17 26 
4 11 6 7 14 17 26 
4 11 7 14 17 26 
4 7 14 17 26 
4 7 14 17 26 
4 7 14 
4 11 7 14 26 
4 11 7 14 
4 11 7 14 26 
4 11 7 14 17 26 
4 11 7 14 17 26 
4 11 7 14 17 26 
4 11 6 7 14 17 26 
4 11 7 14 17 26 
4 11 6 7 14 17 26 
4 11 6 7 14 17 26 
4 11 6 7 14 17 26 
4 11 7 14 26 
4 11 6 7 14 17 26 
4 11 7 14 
4 11 6 7 14 17 26 
4 6 7 14 17 26 
4 11 6 7 14 17 26 
4 11 6 7 14 17 26 
4 11 6 7 14 17 26 
4 6 7 14 24 17 26 
24 17 26 
4 6 7 14 17 26 
4 6 17 26 
4 6 17 26 
4 6 7 14 17 26 
4 11 6 7 14 17 26 
4 11 6 7 14 17 26 
4 6 13 17 26 
4 6 13 17 26 
4 11 6 7 14 17 26 
4 11 6 7 14 17 26 
4 11 6 7 14 
4 11 7 14 
4 11 7 14 
4 11 7 14 
4 7 14 
4 7 14 
1 3 4 7 14 
15 24 17 26 
24 17 26 
24 17 26 
15 24 17 26 
24 
15 24 17 26 
15 24 17 26 
24 17 26 
15 24 
24 
24 17 
24 17 26 
15 24 17 26 
15 24 17 
15 24 17 26 
15 24 17 
15 24 17 26 
15 24 17 26 
13 15 24 17 26 
4 11 7 14 17 26 
4 11 7 14 17 26 
4 11 7 14 17 26 
4 11 7 14 17 26 
4 11 7 14 17 26 
4 11 7 14 17 26 
4 11 7 14 17 26 
4 11 7 14 17 26 
4 11 7 14 17 26 
4 11 7 14 17 26 
4 11 7 14 17 26 
4 11 7 14 17 26 
4 11 7 14 17 26 
4 11 7 14 17 26 
4 11 7 14 17 26 
4 11 7 14 17 26 
4 11 7 14 17 26 
4 11 7 14 17 26 
4 11 7 14 17 26 
4 11 7 14 17 26 
4 11 7 14 17 26 
4 11 7 14 17 26 
4 11 7 14 17 26 
4 11 7 14 17 26 
4 11 7 14 17 26 
4 11 7 14 17 26 
4 11 7 14 17 26 
4 11 7 14 17 26 
4 11 7 14 17 26 
4 11 7 14 17 26 
4 11 7 14 17 26 
4 11 7 14 17 26 
4 11 7 14 17 26 
4 11 7 14 17 26 
4 11 7 14 17 26 
4 11 7 14 17 26 
4 11 7 14 17 26 
4 11 7 14 17 26 
4 7 14 17 26 
4 7 14 
7 14 
7 14 
7 14 
7 14 
4 7 14 17 26 
7 14 17 26 
4 7 14 17 26 
4 7 14 17 26 
4 7 14 17 26 
4 7 14 
4 7 14 17 26 
4 7 14 17 26 
7 14 17 26 
4 7 14 17 26 
7 14 
7 14 
7 14 
7 14 
13 15 24 17 26 
15 24 17 
15 24 
13 15 24 17 26 
13 15 24 17 26 
13 15 24 17 
15 24 16 17 
13 22 15 24 17 26 
13 15 24 17 26 
1 2 3 4 7 14 
4 6 13 17 26 
4 6 13 17 26 
4 11 6 
4 11 6 13 17 26 
4 11 
13 22 15 24 17 26 
6 13 17 26 
13 17 26 
13 22 17 26 
1 2 3 4 11 6 7 
2 3 4 11 6 
2 9 4 6 
2 9 3 4 6 
2 9 4 6 
2 9 4 6 
2 9 4 6 
2 4 6 13 
4 6 13 
2 4 11 6 
2 4 11 6 13 
2 9 4 6 13 
2 9 4 11 6 13 
2 9 4 11 6 
13 22 15 24 17 26 
13 22 15 24 16 17 
13 15 24 16 17 
13 22 15 24 17 26 
13 22 15 24 16 17 26 
2 13 22 8 15 24 16 17 
2 13 8 15 24 16 17 
13 22 15 24 17 26 
2 9 6 13 22 15 24 16 17 
2 9 6 13 22 8 15 24 16 17 
2 9 12 6 13 22 8 15 24 16 17 
2 6 13 22 15 17 
2 9 6 13 22 17 
2 9 6 13 22 17 
2 9 6 13 22 17 
2 9 6 13 
2 9 6 13 
2 9 4 6 13 
2 9 6 13 
2 9 6 13 
2 9 4 6 13 
2 9 6 13 
2 9 6 13 
2 9 6 13 
2 9 12 6 13 16 17 
2 9 6 13 
2 9 6 13 16 17 
2 9 6 13 22 16 17 
2 9 6 13 17 
1 2 9 3 4 11 6 
2 9 3 4 11 6 
2 9 4 11 6 
2 4 11 6 
2 4 6 13 
6 13 
2 9 4 11 6 13 
2 9 4 11 6 13 
2 9 5 12 6 13 8 15 16 17 
2 9 6 13 22 15 16 17 
2 9 6 13 22 8 15 16 17 
2 9 6 13 22 17 
2 6 13 22 17 
2 9 6 13 22 17 
2 9 3 4 6 
2 9 3 4 11 6 
2 9 4 6 13 
2 9 6 13 
2 9 4 11 6 13 
2 6 13 
2 9 6 13 
2 9 5 12 6 13 8 15 16 17 
2 9 6 13 22 15 16 17 
2 9 6 13 22 16 17 
17 26 
17 26 
24 17 26 
13 17 26 
13 17 26 
13 17 26 
17 26 
17 26 
2 9 
2 9 6 
2 9 6 
2 9 6 13 
2 9 6 13 
2 9 6 13 
2 9 
2 9 6 13 
9 18 27 
9 18 
9 18 27 
9 18 
9 18 27 
9 18 
9 18 27 
9 18 
9 18 
9 18 27 
9 18 27 
9 18 
9 18 
9 18 27 
9 18 
9 18 27 
18 27 
18 27 
18 27 
18 27 
18 27 
18 27 
18 27 
18 27 
4 11 
4 11 
4 11 
4 11 
4 11 
4 11 6 
4 11 
4 11 
14 
14 
14 
7 14 
7 14 
7 14 
4 11 6 7 14 17 26 
7 14 17 26 
4 11 6 7 14 17 26 
4 11 6 7 14 17 26 
4 11 6 7 14 17 26 
4 11 6 7 14 24 17 26 
4 11 6 7 14 24 17 26 
4 11 6 7 14 24 17 26 
4 11 6 7 14 24 17 26 
6 7 14 24 17 26 
6 14 15 24 17 26 
15 24 17 26 
15 24 17 26 
24 17 26 
15 24 17 26 
24 17 
15 24 17 26 
11 6 7 14 8 24 17 26 
11 6 7 14 8 24 17 26 
11 6 7 14 8 24 17 26 
11 6 7 14 8 24 17 26 
4 11 6 7 14 8 17 26 
4 11 6 7 14 8 17 26 
11 6 7 14 8 24 17 26 
11 6 7 14 8 15 24 17 26 
6 7 14 8 15 24 17 26 
11 6 7 14 8 24 17 26 
11 6 7 14 8 24 17 26 
6 8 15 24 17 26 
6 8 15 24 17 26 
11 6 7 14 8 17 26 
11 6 7 14 8 17 26 
6 8 15 24 17 26 
6 8 15 24 17 26 
6 7 14 8 15 17 26 
6 7 14 8 15 17 26 
11 6 7 14 8 17 26 
11 6 7 14 8 17 26 
11 6 7 14 8 17 26 
11 6 7 14 8 17 26 
11 6 7 14 8 17 26 
8 15 24 17 
15 24 17 
6 7 8 15 17 
6 7 8 15 17 
6 7 14 8 17 
7 14 8 
8 15 
7 14 
7 14 8 
7 14 8 
7 14 8 
14 
7 14 
14 
7 14 
7 14 
7 14 17 
11 6 7 14 17 26 
11 6 7 14 17 26 
4 11 6 7 14 8 17 26 
4 11 6 7 14 8 17 26 
4 11 6 7 14 8 17 26 
4 11 6 7 14 8 17 26 
11 6 7 14 8 24 17 26 
11 6 7 14 8 24 17 26 
11 6 7 14 24 17 26 
11 6 7 14 15 24 17 26 
6 7 14 8 15 24 17 26 
6 8 15 24 17 26 
6 15 24 17 26 
15 24 17 26 
15 24 17 26 
15 24 
15 24 17 26 
9 
2 9 
9 
2 9 
9 
2 9 
9 
2 9 
9 
9 
2 9 
2 9 
9 
2 9 
9 
2 9 
16 25 
16 25 
16 25 
16 25 
25 
25 
25 
16 25 
16 25 
16 25 
16 25 
16 25 
12 16 25 
12 16 25 
16 25 
16 25 
16 25 
16 25 
16 25 
16 25 
16 25 
16 25 
25 
16 25 
31 
31 
31 
31 
31 
31 
31 
31 
31 
31 
31 
31 
31 
31 
31 
31 
31 
31 
31 
31 
31 
31 
31 
31 
31 
31 
31 
31 
31 
31 
31 
31 
31 
31 
31 
31 
31 
31 
31 
31 
31 
31 
31 
31 
31 
31 
31 
31 
31 
31 
31 
31 
31 
31 
31 
31 
31 
31 
31 
31 
31 
31 
31 
31 
31 
31 
31 
31 
31 
31 
31 
31 
31 
31 
31 
31 
31 
31 
31 
31 
31 
31 
31 
31 
31 
31 
31 
31 
31 
31 
31 
31 
31 
31 
31 
31 
31 
31 
31 
31 
31 
31 
31 
31 
31 
31 
31 
31 
31 
31 
31 
31 
31 
31 
31 
31 
31 
31 
31 
31 
31 
31 
31 
31 
31 
31 
31 
31 
31 
31 
31 
31 
31 
31 
31 
31 
31 
31 
31 
31 
31 
31 
31 
31 
31 
31 
31 
31 
31 
31 
31 
31 
31 
31 
31 
31 
31 
31 
31 
31 
31 
31 
31 
31 
31 
31 
31 
31 
31 
31 
31 
31 
31 
31 
31 
31 
31 
31 
31 
31 
31 
31 
31 
31 
31 
31 
31 
31 
31 
31 
31 
31 
31 
31 
31 
31 
31 
31 
31 
31 
31 
31 
31 
25 31 
25 31 
31 
25 31 
25 31 
31 
31 
25 31 
31 
25 31 
31 
31 
25 31 
25 31 
31 
25 31 
25 31 
25 31 
25 31 
25 31 
25 31 
25 31 
25 31 
25 31 
25 31 
25 31 
25 31 
25 31 
25 31 
25 31 
25 31 
25 31 
25 31 
25 31 
25 
25 
25 
25 
25 
25 
25 
25 
31 
31 
31 
31 
31 
31 
31 
31 
25 
25 
25 31 
25 31 
25 31 
25 
25 31 
25 31 
28 
28 
28 
21 28 
28 
28 
21 28 
21 28 
21 28 
21 28 
21 28 
21 28 
21 28 
21 28 
21 28 
21 28 
21 28 
21 28 
21 28 
21 28 
21 28 
21 28 
21 28 
21 28 
21 28 
21 28 
21 28 
21 28 
21 28 
21 28 
21 28 
21 28 
21 28 
21 28 
21 28 
21 28 
21 28 
21 28 
21 28 
21 28 
28 
21 28 
21 28 
28 
21 28 
21 28 
21 28 
21 28 
21 28 
21 28 
21 28 
21 28 
21 28 
12 21 
12 21 28 
21 28 
12 21 
12 21 
12 21 
12 21 
12 21 
12 21 
28 
28 
28 
28 
21 28 
28 
21 28 
21 28 
12 21 
21 28 
21 28 
21 28 
28 
28 
28 
21 28 
21 28 
21 28 
21 28 
21 28 
21 28 
21 28 
21 28 
21 28 
21 28 
21 28 
21 28 
21 28 
21 28 
21 28 
21 28 
21 28 
21 28 
21 28 
21 28 
21 28 
21 28 
21 28 
21 28 
21 28 
21 28 
21 28 
21 28 
21 28 
21 28 
21 28 
21 28 
21 28 
21 28 
21 28 
21 28 
21 28 
21 28 
21 28 
21 28 
12 21 28 
12 21 28 
12 21 
12 21 16 
12 21 16 
12 21 16 25 
5 12 16 25 
12 21 16 25 
12 21 16 25 
5 12 
5 12 21 
5 12 
5 12 
5 12 21 
5 12 21 
5 12 16 25 
5 12 16 25 
5 12 
5 12 
2 5 12 
12 21 
12 21 
12 21 
12 21 
12 21 
12 21 
12 21 
12 21 
12 21 
12 21 
12 21 
12 21 16 
12 21 
12 21 
12 21 16 
12 21 
12 21 
12 21 
12 21 16 
12 21 16 
12 21 
10 
10 
10 
3 10 
10 
3 10 
10 
3 10 
10 
3 10 
10 
3 10 
10 
10 
10 
10 
10 
10 
10 
10 
10 
10 
10 
10 
10 19 
10 19 
10 19 
10 19 
10 19 
10 19 
10 19 
10 19 
10 19 
10 19 
10 19 
10 19 
10 19 
10 19 
10 19 
10 19 
10 19 
10 19 
10 19 
10 19 
10 19 
10 19 
10 19 
10 19 
10 19 
10 19 
10 19 
10 19 
10 19 
10 19 
10 19 
10 19 
10 19 
10 19 
10 19 
10 19 
10 19 
10 19 
10 19 
10 19 
10 19 
10 19 
10 19 
10 19 
10 19 
10 19 
10 19 
10 19 
10 19 
10 19 
10 19 
10 19 
10 19 
10 19 
10 19 
10 19 
10 19 
10 19 
10 19 
10 19 
10 19 
10 19 
10 19 
10 19 
10 19 
10 19 
10 19 
10 19 
10 19 
10 19 
10 19 
10 19 
10 19 
10 19 
10 19 
10 19 
10 19 
10 19 
10 19 
10 19 
10 19 
10 19 
10 19 
10 19 
10 19 
10 19 
10 19 
10 19 
10 19 
10 19 
10 19 
10 19 
10 19 
10 19 
10 19 
10 19 
10 19 
10 19 
10 19 
10 19 
10 19 
10 19 
10 19 
10 19 
10 19 
10 19 
3 10 19 
10 19 
10 19 
3 10 19 
10 19 
10 19 
10 19 
10 19 
10 19 
10 19 
10 19 
10 19 
10 19 
10 19 
10 19 
10 19 
10 19 
10 19 
10 19 
10 19 
10 19 
10 19 
10 19 
10 19 
10 19 
10 19 
10 19 
10 19 
10 19 
3 10 19 
10 19 
10 19 
10 19 
10 19 
10 19 
10 19 
10 19 
10 19 
10 19 
10 19 
10 19 
10 19 
10 19 
10 19 
10 19 
10 19 
10 19 
10 19 
10 19 
10 19 
10 19 
10 19 
10 19 
10 19 
10 19 
10 19 
10 19 
10 19 
10 19 
10 19 
10 19 
10 19 
10 19 
10 19 
10 19 
10 19 
10 19 
10 19 
10 19 
10 19 
10 19 
10 19 
10 19 
10 19 
10 19 
10 19 
10 19 
10 19 
10 19 
10 19 
10 19 
10 19 
10 19 
10 19 
10 19 
10 19 
10 19 
10 19 
10 19 
10 19 
10 19 
10 19 
10 19 
10 19 
10 19 
10 19 
10 19 
10 19 
10 19 
10 19 
10 19 
10 19 
10 19 
10 19 
10 19 
10 19 
10 19 
10 19 
10 19 
10 19 
10 19 
10 19 
10 19 
10 19 
10 19 
10 19 
10 19 
10 19 
10 19 
10 19 
10 19 
10 19 
10 19 
10 19 
10 19 
10 19 
10 19 
10 19 
10 19 
10 
10 
10 19 
10 19 
10 19 
10 19 
10 19 
10 19 
10 19 
10 19 
10 19 
10 19 
10 19 
10 19 
10 19 
10 19 
10 19 
10 19 
10 19 
10 19 
10 19 
10 19 
10 19 
10 19 
10 19 
10 19 
10 19 
10 
10 19 
10 19 
10 19 
3 10 19 
10 19 
10 
10 19 
10 19 
3 10 19 
3 10 19 
3 10 19 
3 10 19 
3 10 
3 10 
17 26 
17 26 
17 26 
17 26 
26 
26 
17 26 
26 
17 26 
17 26 
17 26 
17 26 
13 17 26 
13 17 26 
17 26 
17 26 
17 26 
17 26 
17 26 
17 26 
17 26 
17 26 
26 
17 26 
32 
32 
32 
32 
32 
32 
32 
32 
32 
32 
32 
32 
32 
32 
32 
32 
32 
32 
32 
32 
32 
32 
32 
32 
32 
32 
32 
32 
32 
32 
32 
32 
32 
32 
32 
32 
32 
32 
32 
32 
32 
32 
32 
32 
32 
32 
32 
32 
32 
32 
32 
32 
32 
32 
32 
32 
32 
32 
32 
32 
32 
32 
32 
32 
32 
32 
32 
32 
32 
32 
32 
32 
32 
32 
32 
32 
32 
32 
32 
32 
32 
32 
32 
32 
32 
32 
32 
32 
32 
32 
32 
32 
32 
32 
32 
32 
32 
32 
32 
32 
32 
32 
32 
32 
32 
32 
32 
32 
32 
32 
32 
32 
32 
32 
32 
32 
32 
32 
32 
32 
32 
32 
32 
32 
32 
32 
32 
32 
32 
32 
32 
32 
32 
32 
32 
32 
32 
32 
32 
32 
32 
32 
32 
32 
32 
32 
32 
32 
32 
32 
32 
32 
32 
32 
32 
32 
32 
32 
32 
32 
32 
32 
32 
32 
32 
32 
32 
32 
32 
32 
32 
32 
32 
32 
32 
32 
32 
32 
32 
32 
32 
32 
32 
32 
32 
32 
32 
32 
32 
32 
32 
32 
32 
32 
32 
32 
32 
32 
32 
32 
32 
32 
32 
32 
26 32 
26 32 
26 32 
32 
32 
26 32 
32 
26 32 
32 
26 32 
32 
26 32 
32 
26 32 
26 32 
26 32 
26 32 
26 32 
26 32 
26 32 
26 32 
26 32 
26 32 
26 32 
26 32 
26 32 
26 32 
26 32 
26 32 
26 32 
26 32 
26 32 
26 32 
26 
26 
26 
26 
26 
26 
26 
26 
32 
32 
32 
32 
32 
32 
32 
32 
26 
26 
26 32 
26 32 
26 32 
26 
26 32 
26 32 
29 
22 29 
29 
29 
29 
29 
22 29 
22 29 
22 29 
22 29 
22 29 
22 29 
22 29 
22 29 
22 29 
22 29 
22 29 
22 29 
22 29 
22 29 
22 29 
22 29 
22 29 
22 29 
22 29 
22 29 
22 29 
22 29 
22 29 
22 29 
22 29 
22 29 
22 29 
22 29 
22 29 
22 29 
22 29 
22 29 
22 29 
22 29 
29 
22 29 
22 29 
29 
22 29 
22 29 
22 29 
22 29 
22 29 
22 29 
22 29 
22 29 
22 29 
13 22 
22 29 
13 22 29 
13 22 
13 22 
13 22 
13 22 
13 22 
13 22 
29 
29 
29 
29 
22 29 
29 
22 29 
22 29 
13 22 
22 29 
29 
22 29 
22 29 
29 
29 
22 29 
22 29 
22 29 
22 29 
22 29 
22 29 
22 29 
22 29 
22 29 
22 29 
22 29 
22 29 
22 29 
22 29 
22 29 
22 29 
22 29 
22 29 
22 29 
22 29 
22 29 
22 29 
22 29 
22 29 
22 29 
22 29 
22 29 
22 29 
22 29 
22 29 
22 29 
22 29 
22 29 
22 29 
22 29 
22 29 
22 29 
22 29 
22 29 
22 29 
13 22 29 
13 22 
13 22 29 
13 22 17 
13 22 17 
13 22 17 26 
13 22 17 26 
13 22 17 26 
6 13 17 26 
6 13 
6 13 
6 13 
6 13 22 
6 13 22 
6 13 22 
6 13 17 26 
6 13 17 26 
6 13 
6 13 
2 6 13 
13 22 
13 22 
13 22 
13 22 
13 22 
13 22 
13 22 
13 22 
13 22 
13 22 
13 22 
13 22 17 
13 22 
13 22 17 
13 22 
13 22 
13 22 
13 22 
13 22 17 
13 22 17 
13 22 17 
11 
4 11 
11 
11 
4 11 
11 
4 11 
11 
4 11 
11 
4 11 
11 
11 
11 
11 
11 
11 
11 
11 
11 
11 
11 
11 
11 
11 20 
11 20 
11 20 
11 20 
11 20 
11 20 
11 20 
11 20 
11 20 
11 20 
11 20 
11 20 
11 20 
11 20 
11 20 
11 20 
11 20 
11 20 
11 20 
11 20 
11 20 
11 20 
11 20 
11 20 
11 20 
11 20 
11 20 
11 20 
11 20 
11 20 
11 20 
11 20 
11 20 
11 20 
11 20 
11 20 
11 20 
11 20 
11 20 
11 20 
11 20 
11 20 
11 20 
11 20 
11 20 
11 20 
11 20 
11 20 
11 20 
11 20 
11 20 
11 20 
11 20 
11 20 
11 20 
11 20 
11 20 
11 20 
11 20 
11 20 
11 20 
11 20 
11 20 
11 20 
11 20 
11 20 
11 20 
11 20 
11 20 
11 20 
11 20 
11 20 
11 20 
11 20 
11 20 
11 20 
11 20 
11 20 
11 20 
11 20 
11 20 
11 20 
11 20 
11 20 
11 20 
11 20 
11 20 
11 20 
11 20 
11 20 
11 20 
11 20 
11 20 
11 20 
11 20 
11 20 
11 20 
11 20 
11 20 
11 20 
11 20 
11 20 
11 20 
11 20 
11 20 
11 20 
11 20 
11 20 
11 20 
11 20 
11 20 
11 20 
11 20 
11 20 
11 20 
11 20 
11 20 
11 20 
11 20 
11 20 
11 20 
11 20 
11 20 
11 20 
11 20 
11 20 
11 20 
11 20 
11 20 
11 20 
11 20 
11 20 
11 20 
11 20 
11 20 
11 20 
11 20 
11 20 
11 20 
11 20 
11 20 
11 20 
11 20 
11 20 
11 20 
11 20 
11 20 
11 20 
11 20 
11 20 
11 20 
11 20 
11 20 
11 20 
11 20 
11 20 
11 20 
11 20 
11 20 
11 20 
11 20 
11 20 
11 20 
11 20 
11 20 
11 20 
11 20 
11 20 
11 20 
11 20 
11 20 
11 20 
11 20 
11 20 
11 20 
11 20 
11 20 
11 20 
11 20 
11 20 
11 20 
11 20 
11 20 
11 20 
11 20 
11 20 
11 20 
11 20 
11 20 
11 20 
11 20 
11 20 
11 20 
11 20 
11 20 
11 20 
11 20 
11 20 
11 20 
11 20 
11 20 
11 20 
11 20 
11 20 
11 20 
11 20 
11 20 
11 20 
11 20 
11 20 
11 20 
11 20 
11 20 
11 20 
11 20 
11 20 
11 20 
11 20 
11 20 
11 20 
11 20 
11 20 
11 20 
11 20 
11 20 
11 20 
11 20 
11 20 
11 20 
11 20 
11 20 
11 20 
11 20 
11 20 
11 20 
11 
11 
11 20 
11 20 
11 20 
11 20 
11 20 
11 20 
11 20 
11 20 
11 20 
11 20 
11 20 
11 20 
11 20 
11 20 
11 20 
11 20 
11 20 
11 20 
11 20 
11 20 
11 20 
11 20 
11 20 
11 20 
11 20 
11 20 
11 
11 20 
11 20 
4 11 20 
11 20 
11 
11 20 
11 20 
4 11 20 
4 11 20 
4 11 20 
4 11 20 
4 11 
4 11 
7 14 
7 14 
7 14 
7 14 
7 14 
7 14 
7 14 
7 14 
7 14 
7 14 
7 14 
7 14 
7 14 
7 14 
7 14 
7 14 
7 14 
7 14 
7 14 
7 14 
7 14 
7 14 
7 14 
7 14 
7 14 
7 14 
7 14 
7 14 
7 14 
7 14 
7 14 
7 14 
7 14 
1 3 4 7 
1 3 4 7 
1 3 4 7 
1 3 4 7 
1 3 4 7 
1 3 4 7 
1 3 4 7 
1 3 4 7 
1 3 4 7 
1 3 4 7 
1 3 4 7 
1 3 4 7 
1 3 4 7 
1 3 4 7 
1 3 4 7 
1 3 4 7 
1 3 4 7 
1 3 4 7 
1 3 4 7 
1 3 4 7 
1 3 4 7 
1 3 4 7 
1 3 4 7 
1 3 4 7 
1 3 4 7 
1 3 4 7 
1 3 4 7 
1 3 4 7 
1 3 4 7 
1 3 4 7 
1 3 4 7 
1 3 4 7 
1 3 4 7 
1 
1 
1 
1 
1 
1 
1 
1 
1 
1 
1 
1 
1 
1 
1 
1 
1 
1 
1 
1 
1 
1 
1 
1 
1 
1 
1 
1 
1 
1 
1 
1 
1 
1 2 
1 2 
1 2 
1 2 
1 2 
1 2 
1 2 
1 2 
1 2 
1 2 
1 2 
1 2 
1 2 
1 2 
1 2 
1 2 
1 2 
1 2 
1 2 
1 2 
1 2 
1 2 
1 2 
1 2 
1 2 
1 2 
1 2 
1 2 
1 2 
1 2 
1 2 
1 2 
1 2 
2 9 
2 9 
2 9 
2 9 
2 9 
2 9 
2 9 
2 9 
2 9 
2 9 
2 9 
2 9 
2 9 
2 9 
2 9 
2 9 
2 9 
2 9 
2 9 
2 9 
2 9 
2 9 
2 9 
2 9 
2 9 
2 9 
2 9 
2 9 
2 9 
2 9 
2 9 
2 9 
2 9 
9 
9 
9 
9 
9 
9 
9 
9 
9 
9 
9 
9 
9 
9 
9 
9 
9 
9 
9 
9 
9 
9 
9 
9 
9 
9 
9 
9 
9 
9 
9 
9 
9 
9 18 
9 18 
9 18 
9 18 
9 18 
9 18 
9 18 
9 18 
9 18 
9 18 
9 18 
9 18 
9 18 
9 18 
9 18 
9 18 
9 18 
9 18 
9 18 
9 18 
9 18 
9 18 
9 18 
9 18 
9 18 
9 18 
9 18 
9 18 
9 18 
9 18 
9 18 
9 18 
9 18 
7 14 
7 14 
7 14 
7 14 
7 14 
7 14 
7 14 
7 14 
7 14 
7 14 
7 14 
7 14 
7 14 
7 14 
7 14 
7 14 
7 14 
7 14 
7 14 
7 14 
7 14 
7 14 
7 14 
7 14 
7 14 
7 14 
7 14 
7 14 
7 14 
7 14 
7 14 
7 14 
7 14 
7 14 
7 14 
7 14 
7 14 
7 14 
7 14 
7 14 
7 14 
7 14 
7 14 
7 14 
7 14 
7 14 
7 14 
7 14 
7 14 
7 14 
7 14 
7 14 
7 14 
7 14 
7 14 
7 14 
7 14 
7 14 
7 14 
7 14 
7 14 
7 14 
7 14 
7 14 
7 14 
7 14 
7 14 
7 14 
7 14 
7 14 
7 14 
7 14 
7 14 
7 14 
7 14 
7 14 
7 14 
7 14 
7 14 
7 14 
7 14 
7 14 
7 14 
7 14 
7 14 
7 14 
7 14 
7 14 
7 14 
7 14 
7 14 
7 14 
7 14 
7 14 
7 14 
7 14 
7 14 
7 14 
7 14 
7 14 
7 14 
7 14 
7 14 
7 14 
7 14 
7 14 
7 14 
7 14 
7 14 
7 14 
7 14 
7 14 
7 14 
7 14 
7 14 
7 14 
7 14 
7 14 
7 14 
7 14 
7 14 
7 14 
7 14 
7 14 
7 14 
7 14 
7 14 
7 14 
7 14 
7 14 
7 14 
7 14 
7 14 
7 14 
7 14 
7 14 
7 14 
7 14 
7 14 
7 14 
7 14 
7 14 
7 14 
7 14 
7 14 
7 14 
7 14 
7 14 
7 14 
7 14 
7 14 
7 14 
7 14 
7 14 
7 14 
7 14 
7 14 
7 14 
7 14 
7 14 
7 14 
7 14 
7 14 
7 14 
7 14 
7 14 
7 14 
7 14 
7 14 
7 14 
7 14 
7 14 
7 14 
7 14 
7 14 
7 14 
7 14 
7 14 
7 14 
7 14 
7 14 
7 14 
7 14 
7 14 
7 14 
7 14 
7 14 
7 14 
7 14 
7 14 
7 14 
7 14 
7 14 
7 14 
7 14 
7 14 
7 14 
7 14 
7 14 
7 14 
7 14 
7 14 
7 14 
7 14 
7 14 
7 14 
7 14 
7 14 
7 14 
7 14 
7 14 
7 14 
7 14 
7 14 
7 14 
7 14 
7 14 
7 14 
7 14 
7 14 
7 14 
7 14 
7 14 
7 14 
7 14 
7 14 
7 14 
7 14 
