0.0 0.0 0.0 1.0
0.933108916472 0.0 -7.0605905524e-16 -0.359593873852
0.840909951895 1.01067132063e-16 -6.7524420881e-16 0.541174948607
0.75688512999 0.504673972132 -0.39801188194 0.118386986941
0.75688512999 -0.504673972132 0.39801188194 0.118386986941
0.684342364975 0.591220740827 -0.000758794174636 0.426770305256
0.684342364975 -0.591220740827 0.000758794174636 0.426770305256
4.7813493498e-08 0.77389763535 -0.633310792814 -5.84276885399e-08
-1.88720613968e-08 0.96825415052 0.249968073847 -7.31011583704e-08
0.21491369873 0.0 0.0 0.97663306825
0.0543032720276 -0.00979741025196 -0.0968807607121 0.993765163406
0.0543032720276 0.00979741025196 0.0968807607121 0.993765163406
-0.15460413297 0.623920846054 -0.494447411181 0.585100141002
-0.15460413297 -0.623920846054 0.494447411181 0.585100141002
-0.455524367993 2.80828421113e-14 -6.87821818659e-08 0.890223286597
0.26136710706 0.0 3.94653356664e-08 0.965239478057
0.45314243346 -0.362920421548 0.568353195918 0.583031251306
0.453142547101 0.362920409537 -0.568353219987 0.583031270602
0.0123765401151 0.0 0.0 0.999923434569
-8.50897943644e-09 0.85533759417 0.518071055242 6.45759643637e-08
8.50897943644e-09 0.85533759417 0.518071055242 -6.45759643637e-08
0.0435363384552 0.972167423852 -0.229975973803 -0.0102992642613
-0.0435363384552 0.972167423852 -0.229975973803 0.0102992642613
0.139591749399 2.83356556657e-06 4.20530533968e-07 0.990209131951
0.525372537304 2.93816131915e-14 7.93291803483e-08 0.850872273023
-0.416128332642 0.428305901583 -0.487721079733 0.636804031865
-0.416128384728 -0.428305875527 0.487721094767 0.636804012236
-0.00575787043749 0.0 0.0 0.999983424863
-1.36529954809e-08 -0.659814434611 0.751428506247 -2.07126824051e-07
1.36529954809e-08 -0.659814434611 0.751428506247 2.07126824051e-07
0.30124888262 -2.62179405717e-14 4.54873403542e-08 0.953545528541
0.577694558187 -0.0707235842294 -0.0977734989415 0.807284088782
0.577694476363 0.0707235001141 0.0977735070105 0.807284073298
0.0168472034984 -9.98351688638e-07 -2.18947073532e-08 0.999858077429
0.0309635041892 -1.77438329897e-06 -4.56438357608e-08 0.999520510045
0.00147945310891 -7.64490831384e-06 -2.28260248233e-09 0.999998912499
0.0199725107607 0.000787719059434 -0.0391856314367 0.999032006494
