0.0 0.0 0.0 1.0
0.984537835738 0.0 -5.07852498757e-07 0.175173562396
0.965962991009 0.0 -5.17618174458e-07 -0.258680200303
-5.11588064423e-07 0.977348837417 0.211634773667 -2.55794032211e-06
0.231467009371 0.0 0.0 0.97284274166
-0.330091867958 0.230892663325 -0.636162279486 0.658047110776
-0.330091867958 -0.230892663325 0.636162279486 0.658047110776
-0.062789395832 -2.00395419591e-06 -2.50494274489e-07 0.998026803247
-0.127989109289 -0.255845543161 0.52327526972 0.802710875721
-0.127986755375 0.255842081289 -0.523276116351 0.802711965776
0.296882796208 0.0 0.0 0.954913870462
-0.246028818808 0.682132315926 -0.276915260099 0.630462726892
-0.246028818808 -0.682132315926 0.276915260099 0.630462726892
-0.208585017273 0.0 0.0 0.978004089971
-0.424636288532 0.534599013105 -0.231251464058 0.693116692917
-0.42463639902 -0.534598791515 0.231251524228 0.693116512572
0.141622959747 -5.05090961359e-07 0.0 0.989920703895
0.0392457308561 0.0 0.0 0.999229703322
0.0392457308561 0.0 0.0 0.999229703322
-0.0640203283584 0.0 0.0 0.997948645973
0.0119863600522 0.0 0.0 0.999928247426
0.0119863600522 0.0 0.0 0.999928247426
0.0 0.763392101086 -0.645935423354 0.0
0.0 0.763392101086 -0.645935423354 0.0
0.0 0.754865550943 -0.6558797118 0.0
0.0 0.754865550943 -0.6558797118 0.0
