23
0 -4.8e-05 94.9626 1.5e-05 -0.539323 0.523855 0.457557 0.474708
0.033333 -4.8e-05 92.521 1.5e-05 -0.530143 0.533133 0.465448 0.466985
0.066667 -4.8e-05 95.0511 1.5e-05 -0.521727 0.541362 0.473117 0.459226
0.1 -4.8e-05 97.2223 1.5e-05 -0.513277 0.549343 0.481001 0.451007
0.133333 -4.8e-05 99.4209 1.5e-05 -0.505213 0.556697 0.488567 0.442889
0.166667 -4.8e-05 101.393 1.4e-05 -0.497983 0.563075 0.495312 0.435459
0.2 -4.8e-05 102.885 1.4e-05 -0.492057 0.568157 0.500756 0.429326
0.233333 -4.8e-05 103.152 1.4e-05 -0.490706 0.569273 0.502282 0.427608
0.266667 -4.8e-05 102.055 1.4e-05 -0.495685 0.564935 0.499208 0.431204
0.3 -4.8e-05 100.08 1.5e-05 -0.504398 0.55718 0.493735 0.437447
0.333333 -4.8e-05 97.5951 1.5e-05 -0.514745 0.5477 0.486927 0.444933
0.366667 -4.8e-05 95.073 1.5e-05 -0.525621 0.5374 0.479466 0.452809
0.4 -4.8e-05 92.521 1.5e-05 -0.535981 0.527251 0.4721 0.460274
0.433333 -4.8e-05 95.4604 1.5e-05 -0.543377 0.519795 0.464011 0.46824
0.466667 -4.8e-05 97.7316 1.5e-05 -0.55103 0.511804 0.45541 0.476471
0.5 -4.8e-05 99.9905 1.5e-05 -0.558347 0.503887 0.446891 0.484391
0.533333 -4.8e-05 101.996 1.4e-05 -0.564777 0.496687 0.439086 0.491459
0.566667 -4.8e-05 103.505 1.4e-05 -0.569805 0.490883 0.432648 0.497164
0.6 -4.8e-05 103.748 1.4e-05 -0.570836 0.489638 0.430818 0.498796
0.633333 -4.8e-05 102.547 1.4e-05 -0.566603 0.494462 0.434582 0.495588
0.666667 -4.8e-05 100.378 1.4e-05 -0.558888 0.503061 0.441216 0.489799
0.7 -4.8e-05 97.6633 1.5e-05 -0.549364 0.513359 0.449189 0.482588
0.733333 -4.8e-05 94.9626 1.5e-05 -0.539323 0.523855 0.457557 0.474708
23
0 1e-06 -8e-06 -3.3e-05 0.03342 0.994723 0.096972 -0.002566
0.033333 2e-06 -8e-06 -2e-06 0.033487 0.997163 0.067392 -0.001624
0.066667 -2e-06 -8e-06 -1.8e-05 0.03353 0.999067 0.02722 -0.000345
0.1 0 -8e-06 -3.3e-05 0.033521 0.999383 -0.01042 0.000852
0.133333 1e-06 -8e-06 -9e-06 0.033494 0.998914 -0.032366 0.00155
0.166667 3e-06 -8e-06 -4e-05 0.033494 0.998916 -0.032294 0.001548
0.2 0 -8e-06 -2.5e-05 0.033513 0.999273 -0.018141 0.001098
0.233333 3e-06 -8e-06 -5.5e-05 0.033529 0.999436 0.001804 0.000463
0.266667 4e-06 -8e-06 -4e-05 0.033531 0.999252 0.019245 -9.1e-05
0.3 3e-06 -8e-06 -2.4e-05 0.033524 0.998834 0.034745 -0.000585
0.333333 -1e-06 -8e-06 -9e-06 0.033528 0.999437 -0.000772 0.000545
0.366667 -1e-06 -8e-06 -1.7e-05 0.033497 0.998986 -0.030053 0.001476
0.4 -2e-06 -7e-06 -1.7e-05 0.033528 0.999438 -1.2e-05 0.000521
0.433333 -1e-06 -8e-06 -1.7e-05 0.033522 0.998677 0.038996 -0.00072
0.466667 -1e-06 -7e-06 -9e-06 0.033466 0.996394 0.077944 -0.00196
0.5 -1e-06 -7e-06 -2.5e-05 0.033414 0.994495 0.099275 -0.002639
0.533333 -1e-06 -7e-06 -2e-06 0.033419 0.994677 0.097438 -0.00258
0.566667 3e-06 -7e-06 -4.8e-05 0.033454 0.995959 0.083321 -0.002131
0.6 0 -7e-06 -2.5e-05 0.033492 0.997377 0.064155 -0.001521
0.633333 3e-06 -8e-06 -4e-05 0.033516 0.998322 0.047206 -0.000981
0.666667 -1e-06 -7e-06 -2.5e-05 0.033533 0.998915 0.03231 -0.000507
0.7 2e-06 -8e-06 -5.6e-05 0.033486 0.997136 0.067787 -0.001636
0.733333 1e-06 -8e-06 -3.3e-05 0.03342 0.994723 0.096972 -0.002566
23
0 0.128907 1.96778 -10.0246 0.084484 0.991796 0.086732 0.040996
0.033333 0.089776 1.37076 -10.1239 0.070784 0.994778 0.058058 0.045111
0.066667 0.036316 0.554398 -10.2007 0.055414 0.994164 0.018055 0.090781
0.1 -0.013888 -0.212862 -10.2135 0.035857 0.994205 -0.017862 0.099758
0.133333 -0.043111 -0.659893 -10.1943 0.01757 0.994567 -0.03791 0.095343
0.166667 -0.043009 -0.658122 -10.1949 0.001069 0.996523 -0.036159 0.075058
0.2 -0.024175 -0.36946 -10.2098 -0.012047 0.998192 -0.020661 0.055151
0.233333 0.002428 0.037526 -10.2165 -0.019059 0.998317 -0.00014 0.054766
0.266667 0.0257 0.393306 -10.2089 -0.021616 0.997901 0.017567 0.058461
0.3 0.046377 0.709125 -10.1918 -0.02058 0.997645 0.033513 0.056202
0.333333 -0.00102 -0.015058 -10.2166 -0.017869 0.998633 -0.001642 0.049096
0.366667 -0.040055 -0.612327 -10.1982 -0.008737 0.998451 -0.031473 0.045047
0.4 -2e-06 0 -10.2167 0.005565 0.998929 -0.002463 0.045868
0.433333 0.052061 0.794806 -10.1848 0.024189 0.994862 0.033549 0.092406
0.466667 0.103838 1.58474 -10.0915 0.043924 0.991338 0.070253 0.101902
0.5 0.132022 2.01439 -10.0144 0.06228 0.989224 0.089925 0.097319
0.533333 0.129557 1.97714 -10.022 0.081648 0.989902 0.087246 0.07626
0.566667 0.110841 1.69244 -10.0747 0.097316 0.991076 0.072603 0.055024
0.6 0.085386 1.30456 -10.1325 0.103208 0.991856 0.052987 0.052555
0.633333 0.062831 0.960415 -10.171 0.103312 0.992512 0.035825 0.054441
0.666667 0.042977 0.657311 -10.1953 0.099556 0.993488 0.02093 0.051294
0.7 0.090232 1.37833 -10.1228 0.094297 0.992841 0.056676 0.046496
0.733333 0.128907 1.96778 -10.0246 0.084484 0.991796 0.086732 0.040996
23
0 -2.43156 -14.6275 -11.714 0.161423 -0.00457 0.983859 0.077093
0.033333 -2.04765 -14.72 -10.887 0.108066 -0.029504 0.992549 0.047927
0.066667 -2.39597 -14.7233 -9.6329 0.029523 -0.01994 0.997645 0.058603
0.1 -1.89788 -14.6627 -8.61373 -0.096896 -0.007343 0.992581 0.07307
0.133333 -1.25182 -14.5832 -8.09287 -0.223249 -0.000987 0.971617 0.078227
0.166667 -0.432307 -14.5642 -8.21497 -0.344607 -0.003875 0.93642 0.065942
0.2 0.286813 -14.5763 -8.69907 -0.451025 -0.009574 0.891163 0.048098
0.233333 0.497024 -14.6018 -9.3102 -0.522763 -0.013407 0.851573 0.036926
0.266667 0.504042 -14.615 -9.83497 -0.52234 -0.022436 0.85171 0.035323
0.3 0.518218 -14.6119 -10.3002 0.470081 0.035525 -0.881807 0.013321
0.333333 0.565228 -14.5777 -9.26142 0.394649 0.046409 -0.915743 0.05927
0.366667 0.369563 -14.5206 -8.37593 0.269499 0.052609 -0.960052 0.053882
0.4 -0.055562 -14.6401 -9.20397 0.321776 0.070362 -0.943752 0.029014
0.433333 -1.52531 -14.7186 -10.1697 0.2321 0.063484 -0.970597 0.006313
0.466667 -2.39271 -14.679 -11.1589 -0.145783 -0.050138 0.98796 0.012958
0.5 -2.9175 -14.6052 -11.6893 -0.023281 -0.033737 0.998723 0.02954
0.533333 -3.07807 -14.5805 -11.6318 0.066681 -0.022049 0.996239 0.05074
0.566667 -3.09589 -14.5932 -11.2417 0.129574 -0.013608 0.989011 0.069882
0.6 -3.1851 -14.6125 -10.6666 0.202671 -0.006877 0.976105 0.078075
0.633333 -3.18561 -14.6262 -10.1594 0.248341 -0.002478 0.965261 0.081194
0.666667 -2.97758 -14.6494 -9.74094 0.242225 -0.000181 0.966571 0.084068
0.7 -2.79922 -14.6627 -10.8072 0.205381 -0.000164 0.975038 0.084382
0.733333 -2.43156 -14.6275 -11.714 0.161423 -0.00457 0.983859 0.077093
23
0 2.6e-05 -3e-06 -43.8235 0 -0.497753 0 0.867319
0.033333 3.5e-05 -1e-05 -43.8235 1e-06 -0.570845 0 0.821058
0.066667 1.4e-05 0 -43.8235 1e-06 -0.637925 0 0.770099
0.1 -2e-06 4e-06 -43.8235 1e-06 -0.69832 0 0.715786
0.133333 5e-06 -8e-06 -43.8235 1e-06 -0.726203 0 0.687481
0.166667 0 -7e-06 -43.8235 1e-06 -0.708131 0 0.706081
0.2 -7e-06 1e-05 -43.8235 1e-06 -0.658934 0 0.7522
0.233333 -8e-06 -1e-05 -43.8235 0 -0.600743 0 0.799442
0.266667 -2.5e-05 0 -43.8235 1e-06 -0.516845 0 0.856079
0.3 -1e-06 5e-06 -43.8235 0 -0.423271 0 0.906003
0.333333 1.8e-05 -2e-06 -43.8235 0 -0.306277 0 0.951942
0.366667 1e-06 -7e-06 -43.8235 0 -0.091897 0 0.995769
0.4 -3.4e-05 3e-06 -43.8235 0 -0.275964 0 0.961168
0.433333 -3e-06 -4e-06 -43.8235 0 -0.334929 0 0.942243
0.466667 1.5e-05 -3e-06 -43.8235 0 -0.339814 0 0.940493
0.5 1e-05 1e-06 -43.8235 0 -0.247098 0 0.968991
0.533333 2e-05 -7e-06 -43.8234 0 -0.193637 0 0.981073
0.566667 1.9e-05 -3e-06 -43.8234 0 -0.194671 0 0.980869
0.6 3.1e-05 -7e-06 -43.8235 0 -0.207477 0 0.97824
0.633333 1.9e-05 7e-06 -43.8234 0 -0.244275 0 0.969706
0.666667 3.2e-05 -2e-06 -43.8234 0 -0.316451 0 0.948609
0.7 2.5e-05 -3e-06 -43.8235 0 -0.409497 0 0.912311
0.733333 2.6e-05 -3e-06 -43.8235 0 -0.497753 0 0.867319
23
0 3.9e-05 5e-06 -47.0481 0.073906 0.330106 0.052113 0.939602
0.033333 3.7e-05 -1e-05 -47.0481 0.030817 0.385519 -0.003583 0.922178
0.066667 1.9e-05 -6e-06 -47.0481 0.018078 0.392404 -0.003481 0.919609
0.1 3.3e-05 5e-06 -47.0481 0.014476 0.38962 0.003283 0.920856
0.133333 2.1e-05 -2e-06 -47.0481 0.015296 0.386837 0.007954 0.921987
0.166667 2.6e-05 2e-06 -47.0481 0.016256 0.387114 0.012182 0.921808
0.2 4e-06 5e-06 -47.0481 0.017785 0.387762 0.018657 0.921399
0.233333 1.8e-05 7e-06 -47.0481 0.020701 0.390124 0.024033 0.920216
0.266667 -1.3e-05 -5e-06 -47.0481 0.036552 0.401304 0.025477 0.914861
0.3 2e-06 2e-06 -47.0481 0.045562 0.480823 -0.004977 0.875619
0.333333 -2.2e-05 -2e-06 -47.048 0.068048 0.534422 -0.024366 0.842122
0.366667 -1.3e-05 -3e-06 -47.0481 0.06136 0.411149 0.004965 0.909487
0.4 8e-06 9e-06 -47.048 0.062239 0.445244 0.018256 0.893057
0.433333 0 3e-06 -47.0481 0.05295 0.552041 0.036166 0.831347
0.466667 5e-06 -1.4e-05 -47.0481 0.037867 0.629973 0.0564 0.77364
0.5 1.3e-05 -7e-06 -47.0481 0.018413 0.642011 0.07095 0.763184
0.533333 2e-05 -2e-06 -47.0481 0.023639 0.56067 0.060853 0.825462
0.566667 3e-05 6e-06 -47.048 0.029369 0.470205 0.059582 0.880054
0.6 2.5e-05 3e-06 -47.0481 0.035277 0.375805 0.06021 0.924068
0.633333 3e-05 -5e-06 -47.0481 0.042524 0.309472 0.061069 0.947992
0.666667 5.3e-05 8e-06 -47.048 0.054259 0.292469 0.063583 0.952615
0.7 4.3e-05 1e-06 -47.0481 0.068165 0.307386 0.06351 0.947013
0.733333 3.9e-05 5e-06 -47.0481 0.073906 0.330106 0.052113 0.939602
23
0 -0.000403 0.000108 -18.0032 0.003813 0.365113 -0.001268 0.930954
0.033333 -0.000474 7e-06 -18.0033 0.003825 0.414774 -0.001312 0.909916
0.066667 -0.000516 -4.2e-05 -18.0034 0.004002 0.385939 -0.001207 0.922515
0.1 -0.000621 -8.3e-05 -18.0036 0.004344 0.327158 -0.000995 0.944959
0.133333 -0.000683 -8.5e-05 -18.0038 0.004509 0.297266 -0.000887 0.954784
0.166667 -0.000746 -4e-05 -18.0042 0.0038 0.309907 -0.001288 0.950758
0.2 -0.00063 2e-05 -18.0046 0.002382 0.335022 -0.002088 0.942205
0.233333 -0.000466 4e-05 -18.0051 0.001672 0.347493 -0.002488 0.937678
0.266667 -0.000214 -1.5e-05 -18.0054 0.001294 0.284484 -0.002626 0.958676
0.3 0.000125 -2.7e-05 -18.0056 0.002919 0.271098 -0.001723 0.962546
0.333333 0.000407 -3.3e-05 -18.0056 0.004544 0.257661 -0.00082 0.966224
0.366667 0.000293 -4e-06 -18.0056 0.004344 0.255337 -0.000904 0.966842
0.4 -1.4e-05 1e-06 -18.0055 0.004143 0.253556 -0.000987 0.967311
0.433333 3e-05 7e-06 -18.0055 0.004048 0.24959 -0.001027 0.968343
0.466667 7.1e-05 1.4e-05 -18.0055 0.003858 0.241643 -0.001107 0.970357
0.5 3.9e-05 8e-06 -18.0055 0.003762 0.237664 -0.001147 0.971339
0.533333 -0.000321 -5.7e-05 -18.0052 0.003673 0.36274 -0.001441 0.931882
0.566667 -0.000654 -8e-05 -18.0047 0.003696 0.334569 -0.001371 0.942363
0.6 -0.000717 -6.9e-05 -18.0041 0.003732 0.277353 -0.001228 0.96076
0.633333 -0.000664 -3.1e-05 -18.0037 0.003744 0.248357 -0.001155 0.968661
0.666667 -0.000591 1.9e-05 -18.0035 0.003767 0.277967 -0.001185 0.960583
0.7 -0.000475 7.5e-05 -18.0033 0.003801 0.336372 -0.001241 0.941721
0.733333 -0.000403 0.000108 -18.0032 0.003813 0.365113 -0.001268 0.930954
23
0 0.657759 14.3542 -8.64076 -0.330649 0.04291 0.941315 0.052494
0.033333 0.170389 14.4684 -9.45865 -0.333365 0.053756 0.940729 0.031725
0.066667 -1.30353 14.5521 -10.4607 -0.244084 0.049037 0.968422 0.013297
0.1 -2.18145 14.51 -11.4061 0.15201 -0.037297 -0.987669 0.003316
0.133333 -2.69304 14.433 -11.9539 0.036951 -0.023307 -0.998883 0.017998
0.166667 -2.7118 14.4117 -11.9736 -0.051125 -0.016079 -0.997977 0.034198
0.2 -2.59537 14.4442 -11.603 -0.108212 -0.005353 -0.993027 0.046465
0.233333 -2.72652 14.4788 -11.0008 -0.177037 0.00497 -0.982806 0.052199
0.266667 -2.82149 14.4963 -10.4662 -0.221801 0.009394 -0.973394 0.056743
0.3 -2.69016 14.5181 -10.0172 -0.218502 0.002958 -0.973851 0.062145
0.333333 -2.57376 14.5048 -11.073 -0.187553 -0.008637 -0.979946 0.066746
0.366667 -2.30066 14.4434 -11.9661 -0.153553 -0.015122 -0.985526 0.070229
0.4 -1.82047 14.5498 -11.1432 -0.09198 0.007655 -0.990997 0.096983
0.433333 -2.17392 14.5807 -9.92413 -0.00608 0.015065 -0.996137 0.086295
0.466667 -1.68228 14.5297 -8.86183 0.113762 0.015423 -0.990573 0.074734
0.5 -1.02739 14.4509 -8.35752 0.232049 0.009051 -0.970795 0.060241
0.533333 -0.104761 14.4124 -8.5507 0.347742 -0.005921 -0.936719 0.039965
0.566667 0.71619 14.3825 -9.05124 0.45028 -0.023808 -0.892306 0.02171
0.6 0.908517 14.3895 -9.63824 0.521606 -0.035561 -0.852375 0.010896
0.633333 0.855714 14.4013 -10.1394 0.523286 -0.041082 -0.851114 -0.009431
0.666667 0.802251 14.4014 -10.5749 -0.458043 0.04293 0.887 0.039818
0.7 0.789204 14.396 -9.52546 -0.380388 0.042693 0.921694 0.062956
0.733333 0.657759 14.3542 -8.64076 -0.330649 0.04291 0.941315 0.052494
23
0 -5.9e-05 -5e-06 -43.8235 0 -0.198166 0 0.980168
0.033333 -5.8e-05 -1e-06 -43.8235 0 -0.295702 0 0.95528
0.066667 -3.5e-05 -5e-06 -43.8235 0 -0.35935 0 0.933203
0.1 -4.6e-05 0 -43.8234 0 -0.357455 0 0.933931
0.133333 -2.6e-05 1e-06 -43.8234 0 -0.282158 0 0.959368
0.166667 -5e-06 -5e-06 -43.8234 0 -0.205468 0 0.978664
0.2 0 -1.1e-05 -43.8234 0 -0.207367 0 0.978263
0.233333 9e-06 -3e-06 -43.8234 0 -0.225404 0 0.974265
0.266667 8e-06 -1e-05 -43.8234 0 -0.264094 0 0.964497
0.3 1.6e-05 -1.7e-05 -43.8234 0 -0.330981 0 0.943637
0.333333 4e-06 -1.1e-05 -43.8235 1e-06 -0.415827 0 0.909444
0.366667 1e-06 -5e-06 -43.8234 1e-06 -0.497291 0 0.867584
0.4 -3e-06 -3e-06 -43.8234 1e-06 -0.569214 0 0.82219
0.433333 -1.4e-05 -5e-06 -43.8234 1e-06 -0.636006 0 0.771684
0.466667 -3.6e-05 -6e-06 -43.8234 1e-06 -0.69834 0 0.715766
0.5 -4.4e-05 -3e-06 -43.8234 1e-06 -0.727705 0 0.685891
0.533333 -6.7e-05 -2e-06 -43.8235 1e-06 -0.710051 0 0.70415
0.566667 -3.7e-05 -8e-06 -43.8234 1e-06 -0.661113 0 0.750286
0.6 -3.7e-05 -2e-06 -43.8235 1e-06 -0.603249 0 0.797553
0.633333 -5.1e-05 -2e-06 -43.8235 1e-06 -0.520116 0 0.854096
0.666667 -6e-05 -5e-06 -43.8235 0 -0.377798 0 0.925888
0.7 -3.2e-05 -8e-06 -43.8234 0 -0.235921 0 0.971772
0.733333 -5.9e-05 -5e-06 -43.8235 0 -0.198166 0 0.980168
23
0 -3.7e-05 2e-06 -47.0481 -0.038591 0.454966 0.005154 0.889657
0.033333 -3.3e-05 -5e-06 -47.0481 -0.02217 0.458867 -0.007741 0.888195
0.066667 -2.9e-05 1.1e-05 -47.0481 -0.01769 0.563356 -0.024396 0.825665
0.1 -1.5e-05 5e-06 -47.048 -0.010539 0.635256 -0.042316 0.77107
0.133333 -2.1e-05 3e-06 -47.0481 -0.000831 0.658649 -0.054877 0.750446
0.166667 -1.1e-05 -6e-06 -47.0481 -0.009492 0.563296 -0.054656 0.824391
0.2 -4e-06 -9e-06 -47.0481 -0.012977 0.472528 -0.054447 0.879536
0.233333 -4e-06 9e-06 -47.0481 -0.015178 0.380775 -0.055909 0.922851
0.266667 -5e-06 -4e-06 -47.0481 -0.021935 0.315991 -0.05935 0.94665
0.3 -1.3e-05 -2e-06 -47.0481 -0.040349 0.297041 -0.060436 0.952096
0.333333 2e-06 -5e-06 -47.0481 -0.063042 0.308678 -0.056594 0.947386
0.366667 -1.8e-05 -3e-06 -47.0481 -0.076733 0.329179 -0.05168 0.939725
0.4 1e-05 -1.4e-05 -47.0481 -0.04858 0.385446 -0.068121 0.918929
0.433333 -1e-06 -9e-06 -47.0481 -0.021834 0.386313 -0.051801 0.920653
0.466667 2e-06 8e-06 -47.0481 0.003542 0.387148 -0.031294 0.921479
0.5 -1.1e-05 -4e-06 -47.0481 0.016433 0.388495 -0.012154 0.921224
0.533333 -8e-06 -1e-06 -47.0481 0.006669 0.389889 -0.003444 0.920831
0.566667 -3.1e-05 -3e-06 -47.048 -0.015319 0.391004 -0.007654 0.92023
0.6 -3e-05 3e-06 -47.0481 -0.032771 0.39318 -0.013507 0.918778
0.633333 -2.7e-05 1.3e-05 -47.0481 -0.035375 0.40353 0.01422 0.914172
0.666667 -2.3e-05 -1e-05 -47.0481 -0.050824 0.448516 0.042733 0.891305
0.7 -4.2e-05 -2e-06 -47.0481 -0.07088 0.485534 0.05235 0.869766
0.733333 -3.7e-05 2e-06 -47.0481 -0.038591 0.454966 0.005154 0.889657
23
0 0.000787 1.7e-05 -18.0056 -0.001534 0.250264 0.000201 0.968176
0.033333 0.000513 0 -18.0055 -0.001331 0.248103 0.000289 0.968733
0.066667 0.000531 5e-06 -18.0055 -0.002115 0.237194 -0.001132 0.971459
0.1 0.00059 9e-06 -18.0054 -0.003887 0.221746 -0.00055 0.975097
0.133333 0.000521 2e-05 -18.0055 -0.00094 0.228354 0.0005 0.973578
0.166667 0.000189 6.5e-05 -18.0052 -0.000969 0.397763 0.000405 0.917487
0.2 -0.000121 8.5e-05 -18.0047 -0.000961 0.359979 0.000422 0.93296
0.233333 -0.000219 7.4e-05 -18.0042 -0.000941 0.282669 0.000454 0.959217
0.266667 -0.000185 4e-05 -18.0038 -0.000928 0.243275 0.000469 0.969957
0.3 -5.2e-05 -8e-06 -18.0035 -0.000974 0.272927 0.000413 0.962034
0.333333 -3.2e-05 -7.1e-05 -18.0034 -0.001061 0.331431 0.0003 0.943479
0.366667 3.2e-05 -0.000102 -18.0033 -0.001104 0.360232 0.000243 0.932862
0.4 -3e-06 -1e-06 -18.0034 -0.001179 0.288484 0.000224 0.957484
0.433333 -5.7e-05 5.8e-05 -18.0035 -0.001318 0.28316 0.000192 0.959072
0.466667 -9.3e-05 0.000108 -18.0036 -0.001597 0.272487 0.000127 0.962158
0.5 -0.000204 0.000124 -18.0039 -0.001736 0.267138 9.4e-05 0.963657
0.533333 -0.00022 6.5e-05 -18.0042 -0.001037 0.286173 0.000447 0.958177
0.566667 -0.000124 -1.4e-05 -18.0046 0.000363 0.3239 0.001152 0.94609
0.6 6.9e-05 -4.3e-05 -18.0051 0.001063 0.342576 0.001504 0.939488
0.633333 0.000283 2.3e-05 -18.0054 0.001501 0.279458 0.001823 0.960155
0.666667 0.000673 8.9e-05 -18.0055 -0.000118 0.266051 0.000967 0.963959
0.7 0.000921 0.000131 -18.0056 -0.001736 0.252592 0.000111 0.967571
0.733333 0.000787 1.7e-05 -18.0056 -0.001534 0.250264 0.000201 0.968176
23
0 1.876 0.088911 11.4364 0.03974 -0.994159 0.000242 0.100339
0.033333 1.876 0.089145 11.4364 0.02686 -0.99421 0.00093 0.104043
0.066667 1.87602 0.089423 11.4366 0.011643 -0.993783 0.000682 0.110718
0.1 1.87609 0.089715 11.4368 -0.00447 -0.991638 0.002052 0.128958
0.133333 1.87615 0.090012 11.4371 -0.020627 -0.990023 0.003801 0.139333
0.166667 1.87607 0.090322 11.4367 -0.037605 -0.992133 0.005798 0.119268
0.2 1.87601 0.090587 11.4363 -0.051984 -0.994084 0.007542 0.095072
0.233333 1.876 0.090734 11.4362 -0.06009 -0.994096 0.00833 0.089955
0.266667 1.87601 0.090798 11.4362 -0.063678 -0.993757 0.00867 0.091199
0.3 1.87603 0.090799 11.4363 -0.063439 -0.993528 0.008909 0.093797
0.333333 1.87602 0.09071 11.4363 -0.058819 -0.993442 0.008824 0.09765
0.366667 1.87601 0.090519 11.4364 -0.04829 -0.993706 0.008199 0.100744
0.4 1.87601 0.090285 11.4365 -0.035439 -0.993941 0.007371 0.103785
0.433333 1.87602 0.090014 11.4366 -0.02028 -0.993629 0.007563 0.1106
0.466667 1.87609 0.089733 11.4369 -0.004838 -0.991676 0.006091 0.128524
0.5 1.87615 0.089428 11.4371 0.011757 -0.990146 0.004186 0.139481
0.533333 1.87609 0.089031 11.4368 0.033299 -0.99183 0.001863 0.123128
0.566667 1.87603 0.088691 11.4364 0.051816 -0.993368 -0.000134 0.102644
0.6 1.87602 0.08856 11.4363 0.058927 -0.993381 -0.000814 0.098597
0.633333 1.87604 0.088541 11.4364 0.059845 -0.99328 -0.000901 0.09906
0.666667 1.87601 0.088593 11.4363 0.057038 -0.993551 -0.000827 0.097988
0.7 1.87601 0.088716 11.4363 0.050298 -0.993904 -0.000481 0.098108
0.733333 1.876 0.088911 11.4364 0.03974 -0.994159 0.000242 0.100339
23
0 -1.3e-05 -0.001392 -11.4684 -0.001575 -0.00747 -0.044158 0.998995
0.033333 6e-06 -0.001156 -11.4683 -0.002038 -0.011987 -0.031258 0.999437
0.066667 -4.1e-05 -0.000879 -11.4695 3.3e-05 0.055723 -0.016289 0.998313
0.1 -2.5e-05 -0.000582 -11.4695 -0.000108 0.05446 -0.000143 0.998516
0.133333 -5e-06 -0.000281 -11.4692 -0.000542 0.039642 0.016118 0.999084
0.166667 -1.1e-05 3.2e-05 -11.469 -0.000406 0.02662 0.033286 0.999091
0.2 -2.4e-05 0.000304 -11.4688 -0.0003 0.0161 0.047864 0.998724
0.233333 -4.2e-05 0.00045 -11.4688 -0.000794 0.017337 0.056025 0.998279
0.266667 -4.8e-05 0.000519 -11.4689 -0.00111 0.020065 0.059616 0.998019
0.3 -4.5e-05 0.000516 -11.4688 -0.00042 0.015773 0.059395 0.99811
0.333333 -3.6e-05 0.00043 -11.4686 0.000557 0.008433 0.054769 0.998463
0.366667 -1.6e-05 0.000235 -11.4685 0.00131 -0.001227 0.044184 0.999022
0.4 3e-06 -2e-06 -11.4683 0.00204 -0.011984 0.031257 0.999437
0.433333 -3.9e-05 -0.000281 -11.4695 -3.7e-05 0.055724 0.016282 0.998313
0.466667 -2.8e-05 -0.000564 -11.4695 4.5e-05 0.054416 0.000661 0.998518
0.5 -6e-06 -0.000874 -11.4692 0.000539 0.039641 -0.016123 0.999084
0.533333 -4e-06 -0.001273 -11.469 0.000914 0.02726 -0.037721 0.998916
0.566667 -3.3e-05 -0.001614 -11.4688 0.001263 0.016779 -0.056258 0.998274
0.6 -6.3e-05 -0.001745 -11.4688 0.001623 0.015404 -0.063377 0.997869
0.633333 -5.5e-05 -0.001761 -11.4688 0.001622 0.015951 -0.064297 0.997802
0.666667 -3.8e-05 -0.00171 -11.4687 0.000648 0.013413 -0.061505 0.998016
0.7 -2.2e-05 -0.001586 -11.4687 -0.000557 0.008427 -0.054771 0.998463
0.733333 -1.3e-05 -0.001392 -11.4684 -0.001575 -0.00747 -0.044158 0.998995
23
0 -6e-06 -0.001392 -11.578 -0.001296 -0.016292 -0.044146 0.998891
0.033333 1.2e-05 -0.001154 -11.5778 -0.001644 -0.028126 -0.031249 0.999114
0.066667 3.1e-05 -0.000879 -11.5787 0.000765 0.019839 -0.016235 0.999671
0.1 1.2e-05 -0.000585 -11.5788 0.000342 0.029244 -0.0001 0.999572
0.133333 -1e-06 -0.000282 -11.5789 -0.000442 0.028113 0.016147 0.999474
0.166667 7e-06 3.4e-05 -11.5786 -0.000509 0.019372 0.033308 0.999257
0.2 -8e-06 0.000301 -11.5785 -0.000522 0.010544 0.047882 0.998797
0.233333 -1.7e-05 0.000454 -11.5786 -0.001015 0.014134 0.056043 0.998328
0.266667 -4.5e-05 0.000521 -11.5786 -0.001298 0.018148 0.059634 0.998054
0.3 -4e-05 0.000518 -11.5785 -0.000632 0.013536 0.059415 0.998141
0.333333 -2e-05 0.000428 -11.5783 0.000293 0.003962 0.054795 0.99849
0.366667 6e-06 0.000239 -11.5781 0.00096 -0.010964 0.044223 0.998961
0.4 5e-06 -1e-06 -11.5777 0.001589 -0.028124 0.031306 0.999113
0.433333 2.4e-05 -0.000278 -11.5787 -0.000822 0.01984 0.016289 0.99967
0.466667 6e-06 -0.000567 -11.5788 -0.000452 0.028928 0.00068 0.999581
0.5 1.7e-05 -0.000879 -11.5788 0.000386 0.028112 -0.016093 0.999475
0.533333 6e-06 -0.001273 -11.5787 0.000902 0.022222 -0.037687 0.999042
0.566667 -3.9e-05 -0.001618 -11.5786 0.001311 0.015593 -0.056225 0.998295
0.6 -3.5e-05 -0.001744 -11.5786 0.001669 0.016892 -0.063346 0.997847
0.633333 -4.2e-05 -0.001763 -11.5786 0.00166 0.018003 -0.064266 0.997769
0.666667 -5.7e-05 -0.001717 -11.5785 0.000758 0.013138 -0.061472 0.998022
0.7 -1.9e-05 -0.001592 -11.5783 -0.000349 0.00396 -0.054739 0.998493
0.733333 -6e-06 -0.001392 -11.578 -0.001296 -0.016292 -0.044146 0.998891
23
0 -1.8e-05 -5e-06 -11.5568 7e-06 -0.073974 -6e-06 0.99726
0.033333 -2.4e-05 -1.1e-05 -11.5568 7e-06 -0.073118 -6e-06 0.997323
0.066667 1.8e-05 -4e-06 -11.5568 7e-06 -0.072889 -6e-06 0.99734
0.1 -1e-06 -1e-06 -11.5568 7e-06 -0.072882 -6e-06 0.997341
0.133333 1.4e-05 -1e-06 -11.5568 7e-06 -0.072904 -6e-06 0.997339
0.166667 -5e-06 3e-06 -11.5568 7e-06 -0.072933 -6e-06 0.997337
0.2 -1e-06 4e-06 -11.5568 7e-06 -0.072965 -6e-06 0.997335
0.233333 -8e-06 2e-06 -11.5567 7e-06 -0.072988 -6e-06 0.997333
0.266667 1e-05 3e-06 -11.5568 7e-06 -0.073016 -7e-06 0.997331
0.3 3e-06 7e-06 -11.5568 7e-06 -0.07307 -7e-06 0.997327
0.333333 8e-06 7e-06 -11.5568 7e-06 -0.073118 -6e-06 0.997323
0.366667 -5e-06 2e-06 -11.5568 7e-06 -0.073124 -6e-06 0.997323
0.4 -5e-06 0 -11.5568 7e-06 -0.073118 -6e-06 0.997323
0.433333 5.3e-05 -1e-06 -11.5569 7e-06 -0.061744 -7e-06 0.998092
0.466667 6.2e-05 -2e-06 -11.557 7e-06 -0.051353 -7e-06 0.998681
0.5 5.7e-05 -2e-06 -11.557 7e-06 -0.046403 -7e-06 0.998923
0.533333 2.4e-05 -2e-06 -11.5568 7e-06 -0.059722 -7e-06 0.998215
0.566667 3e-06 -4e-06 -11.5568 7e-06 -0.073118 -6e-06 0.997323
0.6 -3.4e-05 -1e-05 -11.5567 7e-06 -0.076365 -6e-06 0.99708
0.633333 -3.3e-05 -7e-06 -11.5568 7e-06 -0.076128 -7e-06 0.997098
0.666667 -2.4e-05 -5e-06 -11.5568 7e-06 -0.075841 -7e-06 0.99712
0.7 -2.5e-05 -6e-06 -11.5568 7e-06 -0.074948 -6e-06 0.997187
0.733333 -1.8e-05 -5e-06 -11.5568 7e-06 -0.073974 -6e-06 0.99726
23
0 0.729428 -5.6e-05 -6.58889 -0.030285 0.377338 0.153372 0.912785
0.033333 0.729422 -5.4e-05 -6.58892 -0.020587 0.38679 0.119626 0.914144
0.066667 0.729411 -5.4e-05 -6.58887 -0.025063 0.336117 0.076383 0.938383
0.1 0.729428 -5.4e-05 -6.58895 -0.012991 0.338628 0.033108 0.940248
0.133333 0.729423 -5.2e-05 -6.58892 0.001746 0.305557 -0.012479 0.95209
0.166667 0.729416 -5e-05 -6.58886 0.016186 0.320047 -0.068455 0.944786
0.2 0.729423 -5e-05 -6.58892 0.027993 0.340897 -0.118906 0.93213
0.233333 0.729421 -5e-05 -6.58891 0.038146 0.338015 -0.15063 0.928225
0.266667 0.729426 -5.2e-05 -6.58892 0.045794 0.333813 -0.169814 0.926086
0.3 0.729429 -4.9e-05 -6.58896 0.047841 0.343188 -0.180656 0.920487
0.333333 0.729419 -5.2e-05 -6.58893 0.044184 0.35725 -0.178112 0.915803
0.366667 0.72942 -5.3e-05 -6.5889 0.033062 0.371856 -0.153416 0.914928
0.4 0.729422 -5e-05 -6.5889 0.020664 0.386776 -0.119708 0.914138
0.433333 0.729413 -5e-05 -6.58889 0.026478 0.328838 -0.076493 0.940911
0.466667 0.729415 -5e-05 -6.58895 0.014611 0.318907 -0.034833 0.947033
0.5 0.729413 -5.3e-05 -6.58896 -0.00199 0.280176 0.012358 0.959867
0.533333 0.72942 -5.3e-05 -6.58897 -0.022764 0.301201 0.084923 0.949499
0.566667 0.729422 -5.2e-05 -6.58891 -0.037867 0.328931 0.150718 0.93148
0.6 0.729423 -4.9e-05 -6.58895 -0.045765 0.332051 0.178776 0.925034
0.633333 0.729423 -5.5e-05 -6.58889 -0.049886 0.332846 0.188044 0.922694
0.666667 0.729428 -5.3e-05 -6.58894 -0.049288 0.344335 0.188935 0.918318
0.7 0.72943 -5.6e-05 -6.5889 -0.043779 0.35895 0.178115 0.915157
0.733333 0.729428 -5.6e-05 -6.58889 -0.030285 0.377338 0.153372 0.912785
23
0 1.70187 -3.31863 -16.4373 0.27329 0.652112 -0.652179 0.273357
0.033333 1.70189 -3.31863 -16.4373 0.27329 0.652112 -0.652179 0.273357
0.066667 1.70186 -3.31863 -16.4373 0.27329 0.652112 -0.652179 0.273357
0.1 1.70185 -3.31862 -16.4373 0.27329 0.652112 -0.652179 0.273357
0.133333 1.70183 -3.31862 -16.4373 0.27329 0.652112 -0.652179 0.273357
0.166667 1.70185 -3.31862 -16.4373 0.27329 0.652112 -0.652179 0.273357
0.2 1.70183 -3.31863 -16.4373 0.27329 0.652112 -0.652179 0.273357
0.233333 1.70189 -3.31862 -16.4373 0.27329 0.652112 -0.652179 0.273357
0.266667 1.70182 -3.31862 -16.4373 0.27329 0.652112 -0.652179 0.273357
0.3 1.70188 -3.31862 -16.4373 0.27329 0.652112 -0.652179 0.273357
0.333333 1.70184 -3.31862 -16.4373 0.27329 0.652112 -0.652179 0.273357
0.366667 1.70188 -3.31862 -16.4373 0.27329 0.652112 -0.652179 0.273357
0.4 1.70186 -3.31862 -16.4373 0.27329 0.652112 -0.652179 0.273357
0.433333 1.70187 -3.31862 -16.4373 0.27329 0.652112 -0.652179 0.273357
0.466667 1.70185 -3.31863 -16.4373 0.27329 0.652112 -0.652179 0.273357
0.5 1.70185 -3.31863 -16.4373 0.27329 0.652112 -0.652179 0.273357
0.533333 1.70184 -3.31863 -16.4373 0.27329 0.652112 -0.652179 0.273357
0.566667 1.70182 -3.31863 -16.4373 0.27329 0.652112 -0.652179 0.273357
0.6 1.70185 -3.31863 -16.4373 0.27329 0.652112 -0.652179 0.273357
0.633333 1.70189 -3.31862 -16.4373 0.27329 0.652112 -0.652179 0.273357
0.666667 1.70182 -3.31863 -16.4373 0.27329 0.652112 -0.652179 0.273357
0.7 1.70187 -3.31862 -16.4374 0.27329 0.652112 -0.652179 0.273357
0.733333 1.70187 -3.31863 -16.4373 0.27329 0.652112 -0.652179 0.273357
23
0 1.70163 3.31856 -16.4381 0.27329 0.652112 -0.65218 0.273357
0.033333 1.70165 3.31856 -16.4382 0.27329 0.652112 -0.65218 0.273357
0.066667 1.70162 3.31856 -16.4381 0.27329 0.652112 -0.65218 0.273357
0.1 1.70157 3.31856 -16.4381 0.27329 0.652112 -0.65218 0.273357
0.133333 1.70159 3.31856 -16.4381 0.273289 0.652112 -0.65218 0.273357
0.166667 1.70161 3.31856 -16.4381 0.27329 0.652112 -0.65218 0.273357
0.2 1.70156 3.31856 -16.4381 0.27329 0.652112 -0.65218 0.273357
0.233333 1.70165 3.31856 -16.4381 0.27329 0.652112 -0.65218 0.273357
0.266667 1.70159 3.31856 -16.4381 0.27329 0.652112 -0.65218 0.273357
0.3 1.70164 3.31856 -16.4381 0.27329 0.652112 -0.65218 0.273357
0.333333 1.7016 3.31856 -16.4381 0.27329 0.652112 -0.65218 0.273357
0.366667 1.70165 3.31857 -16.4382 0.27329 0.652112 -0.65218 0.273357
0.4 1.70162 3.31856 -16.4381 0.27329 0.652112 -0.65218 0.273357
0.433333 1.70161 3.31856 -16.4381 0.27329 0.652112 -0.65218 0.273357
0.466667 1.70161 3.31856 -16.4381 0.27329 0.652112 -0.65218 0.273357
0.5 1.70162 3.31856 -16.4381 0.27329 0.652112 -0.65218 0.273357
0.533333 1.7016 3.31856 -16.4381 0.27329 0.652112 -0.65218 0.273357
0.566667 1.70159 3.31856 -16.4381 0.27329 0.652112 -0.65218 0.273357
0.6 1.70162 3.31856 -16.4381 0.273289 0.652112 -0.65218 0.273357
0.633333 1.70165 3.31856 -16.4381 0.27329 0.652112 -0.65218 0.273357
0.666667 1.70159 3.31856 -16.4381 0.27329 0.652112 -0.65218 0.273357
0.7 1.70161 3.31856 -16.4382 0.27329 0.652112 -0.65218 0.273357
0.733333 1.70163 3.31856 -16.4381 0.27329 0.652112 -0.65218 0.273357
23
0 2.43935 0.000948 -8.12289 0.08211 0.513719 0.134876 0.843303
0.033333 2.43937 0.000946 -8.12293 0.08211 0.513719 0.134876 0.843303
0.066667 2.43933 0.000949 -8.12291 0.08211 0.513719 0.134876 0.843303
0.1 2.43932 0.000947 -8.12289 0.08211 0.513719 0.134876 0.843303
0.133333 2.43933 0.000949 -8.12291 0.08211 0.513719 0.134876 0.843303
0.166667 2.43935 0.000948 -8.12293 0.08211 0.513719 0.134876 0.843303
0.2 2.4393 0.000947 -8.1229 0.08211 0.513719 0.134876 0.843303
0.233333 2.43936 0.000953 -8.12289 0.08211 0.513719 0.134876 0.843303
0.266667 2.43932 0.00095 -8.12291 0.08211 0.513719 0.134876 0.843303
0.3 2.43937 0.00095 -8.12291 0.08211 0.513719 0.134876 0.843303
0.333333 2.43931 0.00095 -8.12286 0.08211 0.513719 0.134876 0.843303
0.366667 2.43939 0.000952 -8.12295 0.08211 0.513719 0.134876 0.843303
0.4 2.43934 0.000948 -8.12292 0.08211 0.513719 0.134876 0.843303
0.433333 2.43934 0.00095 -8.12291 0.08211 0.513719 0.134876 0.843303
0.466667 2.43933 0.000949 -8.12289 0.08211 0.513719 0.134876 0.843303
0.5 2.43935 0.000949 -8.12292 0.08211 0.513719 0.134876 0.843303
0.533333 2.43934 0.000949 -8.1229 0.08211 0.513719 0.134876 0.843303
0.566667 2.43933 0.000948 -8.12293 0.08211 0.513719 0.134876 0.843303
0.6 2.43935 0.000945 -8.12292 0.08211 0.513719 0.134876 0.843303
0.633333 2.43939 0.000947 -8.12294 0.08211 0.513719 0.134876 0.843303
0.666667 2.43934 0.000948 -8.12291 0.08211 0.513719 0.134876 0.843303
0.7 2.43936 0.000948 -8.12296 0.08211 0.513719 0.134876 0.843303
0.733333 2.43935 0.000948 -8.12289 0.08211 0.513719 0.134876 0.843303
23
0 -0.368865 -3.10923 -2.43941 0.003878 -0.737492 -0.667567 0.102205
0.033333 -0.364685 -3.10923 -2.43998 0.011978 -0.736515 -0.667598 0.108242
0.066667 -0.36357 -3.10923 -2.44011 0.021991 -0.735035 -0.667534 0.116782
0.1 -0.363519 -3.10924 -2.44021 0.032173 -0.733346 -0.667349 0.125754
0.133333 -0.363636 -3.10924 -2.44011 0.041609 -0.731649 -0.667066 0.134098
0.166667 -0.363793 -3.10925 -2.44007 0.049539 -0.730128 -0.666745 0.141104
0.2 -0.363938 -3.10927 -2.44011 0.057206 -0.728575 -0.666362 0.147879
0.233333 -0.364062 -3.10927 -2.44004 0.064872 -0.726943 -0.665909 0.154632
0.266667 -0.364195 -3.10926 -2.44003 0.072927 -0.725144 -0.665354 0.161713
0.3 -0.364461 -3.10926 -2.44006 0.083018 -0.722759 -0.664549 0.170594
0.333333 -0.3647 -3.10927 -2.43999 0.090837 -0.720811 -0.663839 0.177477
0.366667 -0.36473 -3.10927 -2.43996 0.082845 -0.722784 -0.664565 0.170511
0.4 -0.364697 -3.10926 -2.43997 0.077829 -0.723977 -0.66498 0.166133
0.433333 -0.308998 -3.10925 -2.44751 0.074941 -0.728105 -0.664938 0.148679
0.466667 -0.257985 -3.10925 -2.45336 0.071425 -0.731641 -0.664983 0.131901
0.5 -0.233654 -3.10924 -2.45574 0.065577 -0.733905 -0.665311 0.120187
0.533333 -0.299055 -3.10923 -2.4488 0.050153 -0.733402 -0.666471 0.124186
0.566667 -0.364679 -3.10922 -2.43998 0.035694 -0.732669 -0.66726 0.129179
0.6 -0.380553 -3.10922 -2.43763 0.027937 -0.733233 -0.667495 0.126646
0.633333 -0.379393 -3.10922 -2.43779 0.022703 -0.734179 -0.667572 0.121709
0.666667 -0.377988 -3.10922 -2.43801 0.015935 -0.735336 -0.667624 0.115352
0.7 -0.373626 -3.10923 -2.4386 0.001504 -0.737627 -0.66755 0.1014
0.733333 -0.368865 -3.10923 -2.43941 0.003878 -0.737492 -0.667567 0.102205
23
0 1.6e-05 -4.5e-05 -16.3121 0.334401 -0.23081 0.163504 0.898982
0.033333 1e-06 -3.2e-05 -16.3121 0.373541 -0.289896 0.211327 0.855434
0.066667 -1e-06 -6.8e-05 -16.3121 0.387134 -0.344963 0.178042 0.836318
0.1 1e-06 1e-06 -16.3121 0.400312 -0.3507 0.206538 0.821038
0.133333 -2e-06 -5.8e-05 -16.3121 0.398129 -0.295673 0.279871 0.822036
0.166667 -1e-05 -7.6e-05 -16.3121 0.402534 -0.247922 0.362413 0.803217
0.2 -4e-06 -9e-06 -16.3121 0.391308 -0.184822 0.434539 0.78987
0.233333 -1.7e-05 -7.1e-05 -16.3121 0.349459 -0.09499 0.465871 0.807354
0.266667 -1.8e-05 -2.4e-05 -16.3121 0.3073 0.002419 0.468452 0.82832
0.3 -1.7e-05 -5e-05 -16.3121 0.30568 0.06549 0.441458 0.841062
0.333333 -1.4e-05 -1.9e-05 -16.3121 0.316718 0.109332 0.421086 0.842866
0.366667 -7e-06 1e-05 -16.3121 0.356578 0.049458 0.429951 0.827978
0.4 -1.5e-05 -4.8e-05 -16.3121 0.449427 -0.081603 0.364782 0.811351
0.433333 -5e-06 -3.2e-05 -16.3121 0.486683 -0.224015 0.230032 0.81243
0.466667 -1.7e-05 2e-06 -16.3121 0.484648 -0.28369 0.155966 0.812595
0.5 -3e-06 -1.1e-05 -16.3121 0.472555 -0.301397 0.100636 0.822024
0.533333 2e-06 5e-06 -16.3121 0.463454 -0.263378 0.052732 0.84443
0.566667 -3e-06 -5.2e-05 -16.3121 0.449344 -0.216961 0.01939 0.866396
0.6 6e-06 3.6e-05 -16.3121 0.428849 -0.210693 0.001375 0.878462
0.633333 1e-05 -5.7e-05 -16.3121 0.406279 -0.224547 -0.006025 0.885708
0.666667 1e-05 -1.4e-05 -16.3121 0.375752 -0.232182 0.012919 0.897071
0.7 8e-06 -9.7e-05 -16.3121 0.316886 -0.193271 0.10261 0.922876
0.733333 1.6e-05 -4.5e-05 -16.3121 0.334401 -0.23081 0.163504 0.898982
23
0 -7e-06 -2.8e-05 -22.8678 1e-06 -0.839596 1e-06 0.543211
0.033333 -1.3e-05 -3.2e-05 -22.8678 1e-06 -0.804422 1e-06 0.594058
0.066667 -3e-06 9e-06 -22.8678 1e-06 -0.683607 1e-06 0.72985
0.1 -3e-06 1e-06 -22.8678 1e-06 -0.540415 0 0.841398
0.133333 -2.7e-05 4e-06 -22.8677 0 -0.488668 0 0.87247
0.166667 -1e-06 -5e-06 -22.8678 0 -0.404828 0 0.914393
0.2 -2.9e-05 5e-06 -22.8678 0 -0.347983 0 0.937501
0.233333 -3.7e-05 -1.1e-05 -22.8678 0 -0.394933 0 0.91871
0.266667 1e-06 1.9e-05 -22.8678 1e-06 -0.463915 0 0.88588
0.3 3.2e-05 2e-06 -22.8678 1e-06 -0.470034 0 0.882648
0.333333 -2.7e-05 -1.5e-05 -22.8678 1e-06 -0.48492 0 0.874558
0.366667 -6e-06 -2.9e-05 -22.8678 0 -0.443189 0 0.896428
0.4 9e-06 -2.1e-05 -22.8678 0 -0.362473 0 0.931994
0.433333 1e-06 8e-06 -22.8677 0 -0.309807 0 0.950799
0.466667 1.3e-05 -2.1e-05 -22.8678 0 -0.341325 0 0.939945
0.5 -3e-06 -3e-05 -22.8678 0 -0.397116 0 0.917768
0.533333 2e-06 0 -22.8677 1e-06 -0.46238 0 0.886682
0.566667 3e-06 -5e-06 -22.8678 0 -0.532475 0 0.846446
0.6 -3e-06 -9e-06 -22.8677 0 -0.600801 0 0.799399
0.633333 -9e-06 3.3e-05 -22.8679 1e-06 -0.661873 0 0.749616
0.666667 4e-06 5e-06 -22.8678 1e-06 -0.729744 1e-06 0.683721
0.7 -4e-06 3.8e-05 -22.8678 1e-06 -0.833365 1e-06 0.552723
0.733333 -7e-06 -2.8e-05 -22.8678 1e-06 -0.839596 1e-06 0.543211
23
0 -2.1e-05 1.7e-05 -26.382 0.063554 0.046139 -0.71071 0.699087
0.033333 9e-06 -2.5e-05 -26.382 0.072921 0.055664 -0.710028 0.698172
0.066667 -9e-06 2.2e-05 -26.382 0.085168 0.068122 -0.708941 0.696784
0.1 -9e-06 1.1e-05 -26.382 0.097789 0.080965 -0.707589 0.695125
0.133333 0 1e-05 -26.382 0.109491 0.09288 -0.706124 0.693378
0.166667 -3e-06 1.8e-05 -26.382 0.119314 0.102885 -0.704736 0.691756
0.2 3e-06 2.1e-05 -26.382 0.128799 0.112551 -0.703257 0.690052
0.233333 -3e-06 2e-05 -26.382 0.138262 0.122197 -0.701646 0.688219
0.266667 -7e-06 7e-06 -26.382 0.148183 0.132313 -0.699809 0.686151
0.3 0 1.7e-05 -26.382 0.160601 0.144982 -0.697294 0.683351
0.333333 -8e-06 2e-05 -26.382 0.170209 0.154786 -0.695184 0.681021
0.366667 -4e-06 4.6e-05 -26.382 0.160432 0.144808 -0.69733 0.683391
0.4 5e-06 1.8e-05 -26.382 0.154284 0.138537 -0.698603 0.684805
0.433333 -5e-06 5e-06 -26.3819 0.141419 0.125415 -0.701078 0.687577
0.466667 1.2e-05 2.5e-05 -26.382 0.128562 0.112308 -0.703296 0.690097
0.5 -3e-06 1.8e-05 -26.382 0.117261 0.100794 -0.705038 0.692107
0.533333 -6e-06 -1e-05 -26.382 0.109163 0.092547 -0.706168 0.69343
0.566667 4e-06 1.5e-05 -26.382 0.102352 0.085611 -0.707042 0.694468
0.6 -2e-06 -6e-06 -26.382 0.095434 0.078569 -0.70786 0.695452
0.633333 1e-05 4.1e-05 -26.382 0.088741 0.071757 -0.708582 0.696338
0.666667 1.1e-05 -3.3e-05 -26.382 0.0801 0.062966 -0.709418 0.697385
0.7 -5e-06 2.3e-05 -26.382 0.06141 0.043961 -0.710848 0.699279
0.733333 -2.1e-05 1.7e-05 -26.382 0.063554 0.046139 -0.71071 0.699087
23
0 0.799499 -3.68024 -10.1649 0.123526 0.477502 0.086412 0.865602
0.033333 0.799459 -3.6803 -10.1649 0.123526 0.477502 0.086413 0.865602
0.066667 0.799465 -3.68028 -10.1649 0.123526 0.477502 0.086412 0.865602
0.1 0.799467 -3.68023 -10.1649 0.123526 0.477502 0.086412 0.865602
0.133333 0.799455 -3.68026 -10.1649 0.123526 0.477502 0.086413 0.865602
0.166667 0.799458 -3.68026 -10.1649 0.123526 0.477502 0.086412 0.865602
0.2 0.799455 -3.68026 -10.1648 0.123526 0.477502 0.086412 0.865602
0.233333 0.799461 -3.68025 -10.1649 0.123526 0.477502 0.086413 0.865602
0.266667 0.799439 -3.68025 -10.1649 0.123526 0.477502 0.086412 0.865602
0.3 0.799434 -3.68025 -10.1648 0.123526 0.477502 0.086412 0.865602
0.333333 0.799441 -3.68026 -10.1649 0.123526 0.477502 0.086412 0.865602
0.366667 0.799455 -3.68026 -10.1648 0.123526 0.477502 0.086412 0.865602
0.4 0.799444 -3.68024 -10.1649 0.123526 0.477502 0.086412 0.865602
0.433333 0.799456 -3.68025 -10.1649 0.123526 0.477502 0.086412 0.865602
0.466667 0.799475 -3.68023 -10.1649 0.123526 0.477502 0.086412 0.865602
0.5 0.799453 -3.68027 -10.1649 0.123526 0.477502 0.086413 0.865602
0.533333 0.799477 -3.68026 -10.1649 0.123526 0.477502 0.086413 0.865602
0.566667 0.799436 -3.68028 -10.1649 0.123526 0.477502 0.086412 0.865602
0.6 0.799473 -3.68025 -10.1649 0.123526 0.477502 0.086413 0.865602
0.633333 0.799514 -3.68023 -10.1649 0.123526 0.477502 0.086412 0.865602
0.666667 0.799451 -3.68026 -10.1649 0.123526 0.477502 0.086413 0.865602
0.7 0.799503 -3.68025 -10.1649 0.123526 0.477502 0.086413 0.865602
0.733333 0.799499 -3.68024 -10.1649 0.123526 0.477502 0.086412 0.865602
23
0 0.004643 -0.023544 -1.52391 0.000673 0.548964 -0.027407 0.835396
0.033333 0.00562 -0.022164 -1.52338 0.000672 0.548964 -0.027407 0.835396
0.066667 0.008818 -0.017593 -1.52428 0.000673 0.548964 -0.027407 0.835396
0.1 0.009506 -0.011451 -1.52492 0.000673 0.548964 -0.027407 0.835396
0.133333 0.007814 -0.006785 -1.52522 0.000673 0.548964 -0.027407 0.835396
0.166667 0.004182 -0.00262 -1.52566 0.000672 0.548964 -0.027407 0.835396
0.2 -7.6e-05 -0.000111 -1.52628 0.000673 0.548964 -0.027407 0.835396
0.233333 -0.002175 0.000694 -1.52731 0.000673 0.548964 -0.027407 0.835396
0.266667 -0.003472 0.001022 -1.52862 0.000673 0.548964 -0.027407 0.835396
0.3 -0.005044 0.001086 -1.53024 0.000673 0.548964 -0.027407 0.835396
0.333333 -0.005395 0.000862 -1.53143 0.000673 0.548964 -0.027407 0.835396
0.366667 -0.003778 0.000896 -1.53065 0.000673 0.548964 -0.027407 0.835396
0.4 -2.4e-05 -5e-06 -1.53043 0.000673 0.548964 -0.027407 0.835396
0.433333 0.002702 -0.001128 -1.52957 0.000673 0.548964 -0.027407 0.835396
0.466667 0.006042 -0.003551 -1.52889 0.000673 0.548964 -0.027407 0.835396
0.5 0.008567 -0.006738 -1.52852 0.000672 0.548964 -0.027407 0.835396
0.533333 0.009924 -0.009827 -1.52845 0.000673 0.548964 -0.027407 0.835396
0.566667 0.010499 -0.012886 -1.52837 0.000673 0.548964 -0.027407 0.835396
0.6 0.010326 -0.015997 -1.52811 0.000673 0.548964 -0.027407 0.835396
0.633333 0.009364 -0.018998 -1.52752 0.000673 0.548964 -0.027407 0.835396
0.666667 0.007702 -0.021672 -1.52664 0.000673 0.548964 -0.027407 0.835396
0.7 0.005215 -0.023644 -1.52478 0.000673 0.548964 -0.027407 0.835396
0.733333 0.004643 -0.023544 -1.52391 0.000673 0.548964 -0.027407 0.835396
23
0 0.156865 0.117684 -1.7778 -0.037563 0.310792 0.033791 0.949134
0.033333 0.169471 0.133335 -1.7918 -0.037563 0.310792 0.033791 0.949134
0.066667 0.116736 0.150542 -1.8491 -0.037563 0.310792 0.033791 0.949134
0.1 0.05788 0.130106 -1.91344 -0.037563 0.310792 0.033791 0.949134
0.133333 0.029914 0.092445 -1.95715 -0.037563 0.310792 0.033791 0.949134
0.166667 0.015058 0.035029 -1.99294 -0.037563 0.310792 0.033791 0.949134
0.2 0.01129 -0.023832 -2.01097 -0.037563 0.310792 0.033791 0.949134
0.233333 0.005503 -0.049429 -2.01235 -0.037563 0.310792 0.033791 0.949134
0.266667 -0.007102 -0.060113 -2.00797 -0.037563 0.310792 0.033791 0.949134
0.3 -0.022835 -0.068873 -2.00081 -0.037563 0.310791 0.033792 0.949134
0.333333 -0.029375 -0.060759 -1.99703 -0.037563 0.310792 0.033791 0.949134
0.366667 -0.017242 -0.048617 -2.00238 -0.037563 0.310792 0.033791 0.949134
0.4 8e-06 1.1e-05 -2.00027 -0.037563 0.310792 0.033791 0.949134
0.433333 0.003697 0.030057 -1.98994 -0.037563 0.310792 0.033791 0.949134
0.466667 0.012207 0.071261 -1.96702 -0.037563 0.310792 0.033791 0.949134
0.5 0.026095 0.104333 -1.93728 -0.037563 0.310792 0.033791 0.949134
0.533333 0.043628 0.125172 -1.90736 -0.037563 0.310792 0.033791 0.949134
0.566667 0.06406 0.13667 -1.87721 -0.037563 0.310792 0.033791 0.949134
0.6 0.085184 0.139484 -1.84763 -0.037563 0.310791 0.033791 0.949134
0.633333 0.106356 0.134971 -1.82 -0.037563 0.310791 0.033791 0.949134
0.666667 0.124503 0.124132 -1.79552 -0.037563 0.310792 0.033791 0.949134
0.7 0.135001 0.112043 -1.77882 -0.037563 0.310792 0.033791 0.949134
0.733333 0.156865 0.117684 -1.7778 -0.037563 0.310792 0.033791 0.949134
23
0 0.75179 -1.6364 -10.1387 0.015175 0.434644 0.044237 0.899387
0.033333 0.751761 -1.63646 -10.1387 0.015175 0.434644 0.044238 0.899387
0.066667 0.751762 -1.63644 -10.1387 0.015175 0.434644 0.044237 0.899387
0.1 0.751781 -1.63637 -10.1387 0.015175 0.434644 0.044237 0.899387
0.133333 0.751765 -1.63638 -10.1387 0.015175 0.434644 0.044237 0.899387
0.166667 0.751766 -1.63636 -10.1387 0.015175 0.434644 0.044237 0.899387
0.2 0.751783 -1.63636 -10.1387 0.015175 0.434644 0.044237 0.899387
0.233333 0.751771 -1.63636 -10.1387 0.015175 0.434644 0.044237 0.899387
0.266667 0.751748 -1.63635 -10.1387 0.015175 0.434644 0.044237 0.899387
0.3 0.751748 -1.63634 -10.1387 0.015175 0.434644 0.044237 0.899387
0.333333 0.75175 -1.63637 -10.1387 0.015175 0.434644 0.044237 0.899387
0.366667 0.751786 -1.63636 -10.1387 0.015175 0.434644 0.044237 0.899387
0.4 0.751755 -1.63636 -10.1387 0.015175 0.434644 0.044238 0.899387
0.433333 0.751769 -1.63636 -10.1387 0.015175 0.434644 0.044237 0.899387
0.466667 0.751772 -1.63636 -10.1387 0.015175 0.434644 0.044237 0.899387
0.5 0.751764 -1.63638 -10.1387 0.015175 0.434644 0.044238 0.899387
0.533333 0.751776 -1.6364 -10.1387 0.015175 0.434644 0.044238 0.899387
0.566667 0.751744 -1.63644 -10.1387 0.015175 0.434644 0.044237 0.899387
0.6 0.751767 -1.63641 -10.1387 0.015175 0.434644 0.044237 0.899387
0.633333 0.751794 -1.6364 -10.1387 0.015175 0.434644 0.044237 0.899387
0.666667 0.751728 -1.63641 -10.1387 0.015175 0.434644 0.044238 0.899387
0.7 0.751806 -1.63641 -10.1387 0.015175 0.434644 0.044237 0.899387
0.733333 0.75179 -1.6364 -10.1387 0.015175 0.434644 0.044237 0.899387
23
0 -0.075211 0.017986 -2.08826 0.010164 0.555902 -0.00132 0.831185
0.033333 -0.073129 0.013482 -2.08779 0.010164 0.555901 -0.00132 0.831185
0.066667 -0.061867 0.002714 -2.08947 0.010164 0.555901 -0.00132 0.831185
0.1 -0.044125 -0.003955 -2.09184 0.010164 0.555901 -0.001321 0.831185
0.133333 -0.028552 -0.005044 -2.09234 0.010164 0.555901 -0.00132 0.831185
0.166667 -0.012047 -0.00191 -2.09144 0.010164 0.555902 -0.00132 0.831185
0.2 0.000283 0.004176 -2.08949 0.010164 0.555902 -0.001321 0.831185
0.233333 0.004935 0.00723 -2.08788 0.010164 0.555901 -0.00132 0.831185
0.266667 0.006997 0.008636 -2.08681 0.010164 0.555901 -0.00132 0.831185
0.3 0.009051 0.010412 -2.08567 0.010164 0.555901 -0.00132 0.831185
0.333333 0.009306 0.009728 -2.08434 0.010164 0.555901 -0.00132 0.831185
0.366667 0.007348 0.007251 -2.08442 0.010164 0.555901 -0.00132 0.831185
0.4 -1.8e-05 -1e-06 -2.08359 0.010164 0.555902 -0.00132 0.831185
0.433333 -0.007577 -0.003647 -2.08551 0.010164 0.555902 -0.00132 0.831185
0.466667 -0.019772 -0.007178 -2.08706 0.010164 0.555901 -0.00132 0.831185
0.5 -0.032572 -0.008206 -2.08761 0.010164 0.555901 -0.001321 0.831185
0.533333 -0.043462 -0.007197 -2.08707 0.010164 0.555901 -0.001321 0.831185
0.566667 -0.053188 -0.004548 -2.08612 0.010164 0.555901 -0.00132 0.831185
0.6 -0.061801 -0.000195 -2.08538 0.010164 0.555901 -0.00132 0.831185
0.633333 -0.068781 0.005392 -2.08505 0.010164 0.555901 -0.00132 0.831185
0.666667 -0.073776 0.011984 -2.08552 0.010164 0.555902 -0.00132 0.831185
0.7 -0.075387 0.0186 -2.08836 0.010164 0.555902 -0.00132 0.831185
0.733333 -0.075211 0.017986 -2.08826 0.010164 0.555902 -0.00132 0.831185
23
0 0.130511 0.180463 -1.72807 -0.006982 0.330483 0.038399 0.943004
0.033333 0.13779 0.189787 -1.74274 -0.006982 0.330483 0.038399 0.943005
0.066667 0.081585 0.182549 -1.79425 -0.006982 0.330484 0.038399 0.943004
0.1 0.030687 0.141275 -1.84627 -0.006982 0.330483 0.038399 0.943005
0.133333 0.013594 0.09458 -1.878 -0.006981 0.330483 0.038399 0.943004
0.166667 0.013366 0.035403 -1.8998 -0.006982 0.330483 0.038399 0.943005
0.2 0.023695 -0.018599 -1.90602 -0.006982 0.330483 0.038399 0.943005
0.233333 0.023594 -0.041197 -1.90233 -0.006982 0.330483 0.038399 0.943005
0.266667 0.013552 -0.050833 -1.89533 -0.006982 0.330483 0.038399 0.943004
0.3 8e-05 -0.058306 -1.88538 -0.006982 0.330483 0.038399 0.943005
0.333333 -0.009662 -0.051532 -1.88156 -0.006982 0.330483 0.038399 0.943004
0.366667 -0.001803 -0.041743 -1.88956 -0.006982 0.330483 0.038399 0.943005
0.4 1.4e-05 1e-06 -1.89606 -0.006982 0.330483 0.038399 0.943004
0.433333 -0.002711 0.027648 -1.89275 -0.006982 0.330484 0.038399 0.943004
0.466667 -0.004167 0.06858 -1.88033 -0.006982 0.330483 0.038399 0.943005
0.5 0.000898 0.105616 -1.86061 -0.006982 0.330483 0.038399 0.943004
0.533333 0.011792 0.133112 -1.83865 -0.006982 0.330483 0.038399 0.943005
0.566667 0.027677 0.153501 -1.81506 -0.006982 0.330484 0.038399 0.943004
0.6 0.047148 0.167122 -1.79067 -0.006982 0.330483 0.038399 0.943004
0.633333 0.069318 0.174497 -1.76684 -0.006982 0.330483 0.038399 0.943005
0.666667 0.091577 0.175824 -1.74445 -0.006982 0.330484 0.038399 0.943004
0.7 0.110262 0.173742 -1.72788 -0.006982 0.330483 0.038399 0.943005
0.733333 0.130511 0.180463 -1.72807 -0.006982 0.330483 0.038399 0.943004
23
0 0.706966 0.422117 -10.2038 -0.039778 0.455527 0.019717 0.889114
0.033333 0.706932 0.422075 -10.2038 -0.039778 0.455527 0.019717 0.889114
0.066667 0.706918 0.422064 -10.2038 -0.039778 0.455527 0.019717 0.889114
0.1 0.706923 0.422076 -10.2038 -0.039778 0.455527 0.019717 0.889114
0.133333 0.706913 0.422042 -10.2038 -0.039778 0.455527 0.019716 0.889114
0.166667 0.706929 0.422036 -10.2038 -0.039778 0.455527 0.019717 0.889114
0.2 0.706946 0.422023 -10.2038 -0.039778 0.455527 0.019717 0.889114
0.233333 0.706949 0.422025 -10.2038 -0.039778 0.455527 0.019717 0.889114
0.266667 0.706926 0.422018 -10.2038 -0.039778 0.455527 0.019717 0.889114
0.3 0.706941 0.422019 -10.2038 -0.039778 0.455527 0.019717 0.889114
0.333333 0.706943 0.421996 -10.2038 -0.039778 0.455527 0.019717 0.889114
0.366667 0.706961 0.421999 -10.2038 -0.039778 0.455527 0.019717 0.889114
0.4 0.706951 0.422012 -10.2038 -0.039778 0.455527 0.019717 0.889114
0.433333 0.706944 0.422026 -10.2038 -0.039778 0.455527 0.019717 0.889114
0.466667 0.706948 0.422028 -10.2038 -0.039778 0.455527 0.019717 0.889114
0.5 0.706921 0.422029 -10.2038 -0.039778 0.455527 0.019717 0.889114
0.533333 0.706934 0.422036 -10.2038 -0.039778 0.455527 0.019717 0.889114
0.566667 0.70692 0.422026 -10.2038 -0.039778 0.455527 0.019717 0.889114
0.6 0.706932 0.422081 -10.2037 -0.039778 0.455527 0.019717 0.889114
0.633333 0.706975 0.422116 -10.2038 -0.039778 0.455527 0.019717 0.889114
0.666667 0.706905 0.42211 -10.2038 -0.039778 0.455527 0.019717 0.889114
0.7 0.70698 0.422141 -10.2038 -0.039778 0.455527 0.019717 0.889114
0.733333 0.706966 0.422117 -10.2038 -0.039778 0.455527 0.019717 0.889114
23
0 -0.057305 0.034659 -2.43628 0.006066 0.553376 0.004714 0.832896
0.033333 -0.056578 0.030721 -2.43716 0.006066 0.553375 0.004714 0.832897
0.066667 -0.051987 0.018966 -2.43818 0.006067 0.553376 0.004714 0.832896
0.1 -0.040381 0.008643 -2.44005 0.006066 0.553375 0.004714 0.832897
0.133333 -0.027984 0.003702 -2.44084 0.006067 0.553375 0.004714 0.832897
0.166667 -0.013139 0.002126 -2.44047 0.006067 0.553375 0.004714 0.832897
0.2 -0.00049 0.003943 -2.43884 0.006066 0.553375 0.004714 0.832897
0.233333 0.004858 0.00501 -2.43668 0.006066 0.553375 0.004714 0.832897
0.266667 0.007736 0.005392 -2.43444 0.006067 0.553376 0.004714 0.832896
0.3 0.011001 0.00628 -2.43165 0.006066 0.553375 0.004714 0.832897
0.333333 0.011609 0.005888 -2.42935 0.006067 0.553375 0.004714 0.832897
0.366667 0.008624 0.004212 -2.43053 0.006067 0.553375 0.004714 0.832897
0.4 -1.3e-05 -2e-06 -2.43057 0.006066 0.553376 0.004714 0.832896
0.433333 -0.007682 -0.001419 -2.43267 0.006067 0.553376 0.004714 0.832896
0.466667 -0.019217 -0.001691 -2.43407 0.006067 0.553375 0.004714 0.832897
0.5 -0.030406 0.000283 -2.43431 0.006067 0.553376 0.004714 0.832896
0.533333 -0.039247 0.00348 -2.43352 0.006067 0.553376 0.004714 0.832896
0.566667 -0.046552 0.007832 -2.43236 0.006066 0.553376 0.004714 0.832896
0.6 -0.052494 0.013479 -2.43159 0.006067 0.553375 0.004714 0.832897
0.633333 -0.05671 0.020096 -2.43135 0.006067 0.553375 0.004714 0.832897
0.666667 -0.058864 0.027269 -2.43194 0.006066 0.553376 0.004714 0.832896
0.7 -0.058024 0.034599 -2.43509 0.006066 0.553375 0.004714 0.832897
0.733333 -0.057305 0.034659 -2.43628 0.006066 0.553376 0.004714 0.832896
23
0 0.104869 0.215184 -1.91898 0.003194 0.30223 0.00605 0.953211
0.033333 0.112209 0.225768 -1.9356 0.003194 0.30223 0.00605 0.953211
0.066667 0.053899 0.211864 -1.9941 0.003194 0.30223 0.00605 0.95321
0.1 0.006373 0.160553 -2.05208 0.003194 0.30223 0.00605 0.95321
0.133333 -0.003681 0.106164 -2.08661 0.003194 0.30223 0.00605 0.95321
0.166667 0.00677 0.039343 -2.10941 0.003194 0.30223 0.00605 0.953211
0.2 0.027445 -0.020462 -2.11479 0.003194 0.30223 0.00605 0.95321
0.233333 0.031187 -0.045375 -2.11029 0.003194 0.30223 0.00605 0.95321
0.266667 0.021605 -0.056274 -2.10279 0.003194 0.30223 0.00605 0.95321
0.3 0.007638 -0.064928 -2.0925 0.003193 0.30223 0.006051 0.95321
0.333333 -0.003947 -0.057787 -2.08918 0.003193 0.30223 0.00605 0.95321
0.366667 0.003747 -0.046659 -2.0978 0.003193 0.30223 0.00605 0.953211
0.4 -4.5e-05 0 -2.10611 0.003194 0.30223 0.006051 0.953211
0.433333 -0.008102 0.030979 -2.10292 0.003194 0.30223 0.00605 0.953211
0.466667 -0.017195 0.077232 -2.08985 0.003193 0.30223 0.00605 0.953211
0.5 -0.018442 0.119755 -2.06848 0.003193 0.30223 0.00605 0.953211
0.533333 -0.011626 0.152039 -2.04425 0.003193 0.30223 0.00605 0.95321
0.566667 0.001893 0.176714 -2.01797 0.003194 0.30223 0.00605 0.95321
0.6 0.020289 0.193978 -1.99049 0.003194 0.30223 0.00605 0.95321
0.633333 0.042395 0.204222 -1.96338 0.003193 0.30223 0.00605 0.95321
0.666667 0.065253 0.20753 -1.93787 0.003194 0.30223 0.00605 0.95321
0.7 0.083841 0.20629 -1.9189 0.003194 0.30223 0.00605 0.95321
0.733333 0.104869 0.215184 -1.91898 0.003194 0.30223 0.00605 0.953211
23
0 0.480614 2.49114 -10.4324 -0.039192 0.463102 0.030837 0.884901
0.033333 0.480589 2.49111 -10.4324 -0.039192 0.463102 0.030838 0.884901
0.066667 0.480587 2.49108 -10.4323 -0.039192 0.463102 0.030837 0.884901
0.1 0.480599 2.49111 -10.4322 -0.039192 0.463102 0.030837 0.884901
0.133333 0.480586 2.49108 -10.4323 -0.039192 0.463102 0.030837 0.884901
0.166667 0.480589 2.49109 -10.4323 -0.039192 0.463102 0.030837 0.884901
0.2 0.480631 2.49107 -10.4324 -0.039192 0.463102 0.030837 0.884901
0.233333 0.480636 2.49108 -10.4324 -0.039192 0.463102 0.030837 0.884901
0.266667 0.480611 2.49108 -10.4324 -0.039192 0.463102 0.030837 0.884901
0.3 0.480625 2.49109 -10.4324 -0.039192 0.463102 0.030838 0.884901
0.333333 0.48064 2.49108 -10.4324 -0.039192 0.463102 0.030837 0.884901
0.366667 0.48066 2.49108 -10.4324 -0.039192 0.463102 0.030837 0.884901
0.4 0.480632 2.49108 -10.4324 -0.039192 0.463102 0.030838 0.884901
0.433333 0.480628 2.49108 -10.4324 -0.039191 0.463102 0.030837 0.884901
0.466667 0.480632 2.49108 -10.4324 -0.039192 0.463102 0.030837 0.884901
0.5 0.480608 2.49106 -10.4324 -0.039191 0.463102 0.030837 0.884901
0.533333 0.480617 2.49106 -10.4324 -0.039192 0.463102 0.030838 0.884901
0.566667 0.480581 2.49105 -10.4323 -0.039191 0.463102 0.030837 0.884901
0.6 0.480601 2.49109 -10.4323 -0.039192 0.463102 0.030837 0.884901
0.633333 0.480636 2.49112 -10.4323 -0.039192 0.463102 0.030837 0.884901
0.666667 0.480579 2.49113 -10.4324 -0.039191 0.463102 0.030838 0.884901
0.7 0.480632 2.49116 -10.4323 -0.039192 0.463102 0.030837 0.884901
0.733333 0.480614 2.49114 -10.4324 -0.039192 0.463102 0.030837 0.884901
23
0 -0.133202 0.052748 -2.32689 0.016117 0.552694 0.004956 0.833214
0.033333 -0.130295 0.044352 -2.32779 0.016117 0.552694 0.004956 0.833214
0.066667 -0.114117 0.022112 -2.33077 0.016117 0.552694 0.004956 0.833214
0.1 -0.084372 0.005276 -2.33476 0.016117 0.552694 0.004956 0.833214
0.133333 -0.056152 -0.00065 -2.33555 0.016117 0.552694 0.004956 0.833214
0.166667 -0.024783 0.000806 -2.33329 0.016117 0.552694 0.004956 0.833214
0.2 -7.9e-05 0.008488 -2.32875 0.016117 0.552694 0.004956 0.833214
0.233333 0.009826 0.01245 -2.32444 0.016117 0.552694 0.004956 0.833214
0.266667 0.01472 0.014151 -2.32071 0.016117 0.552694 0.004956 0.833214
0.3 0.02007 0.016786 -2.31631 0.016117 0.552694 0.004956 0.833214
0.333333 0.020903 0.015684 -2.31264 0.016117 0.552694 0.004956 0.833214
0.366667 0.015878 0.011495 -2.31426 0.016117 0.552694 0.004956 0.833214
0.4 -1.1e-05 -6e-06 -2.31448 0.016117 0.552694 0.004956 0.833214
0.433333 -0.015019 -0.004954 -2.31919 0.016117 0.552694 0.004956 0.833214
0.466667 -0.038585 -0.008709 -2.32293 0.016117 0.552694 0.004956 0.833214
0.5 -0.062617 -0.007836 -2.32431 0.016117 0.552694 0.004956 0.833214
0.533333 -0.082549 -0.003788 -2.32333 0.016117 0.552694 0.004956 0.833214
0.566667 -0.099814 0.002947 -2.32138 0.016117 0.552694 0.004956 0.833214
0.6 -0.114651 0.01276 -2.31993 0.016117 0.552694 0.004956 0.833214
0.633333 -0.126101 0.024917 -2.31922 0.016117 0.552694 0.004956 0.833214
0.666667 -0.133514 0.038722 -2.31998 0.016117 0.552694 0.004956 0.833214
0.7 -0.134205 0.05311 -2.32561 0.016117 0.552694 0.004956 0.833214
0.733333 -0.133202 0.052748 -2.32689 0.016117 0.552694 0.004956 0.833214
23
0 0.084399 0.191452 -1.79304 0.006764 0.309266 0.002534 0.950948
0.033333 0.09189 0.199435 -1.80698 0.006764 0.309266 0.002534 0.950948
0.066667 0.04405 0.185389 -1.85583 0.006764 0.309266 0.002534 0.950948
0.1 0.005965 0.139565 -1.90331 0.006764 0.309267 0.002534 0.950948
0.133333 -0.000865 0.092059 -1.93084 0.006764 0.309266 0.002534 0.950948
0.166667 0.009321 0.034563 -1.94809 0.006764 0.309266 0.002534 0.950948
0.2 0.027136 -0.016254 -1.95083 0.006764 0.309266 0.002534 0.950948
0.233333 0.029551 -0.037421 -1.9462 0.006764 0.309266 0.002534 0.950948
0.266667 0.020169 -0.046744 -1.93934 0.006764 0.309266 0.002534 0.950948
0.3 0.006865 -0.054052 -1.92998 0.006764 0.309266 0.002534 0.950948
0.333333 -0.004065 -0.0481 -1.9269 0.006764 0.309266 0.002534 0.950948
0.366667 0.003208 -0.038936 -1.93469 0.006764 0.309266 0.002534 0.950948
0.4 -1.7e-05 0 -1.9429 0.006764 0.309266 0.002534 0.950948
0.433333 -0.006554 0.02622 -1.94142 0.006764 0.309266 0.002534 0.950948
0.466667 -0.014825 0.065763 -1.93212 0.006764 0.309266 0.002534 0.950948
0.5 -0.017059 0.102591 -1.91567 0.006764 0.309266 0.002534 0.950948
0.533333 -0.012721 0.130869 -1.89642 0.006764 0.309266 0.002534 0.950948
0.566667 -0.002777 0.152909 -1.87522 0.006764 0.309266 0.002534 0.950948
0.6 0.011549 0.168896 -1.85283 0.006764 0.309266 0.002534 0.950948
0.633333 0.029459 0.179129 -1.83052 0.006764 0.309266 0.002534 0.950948
0.666667 0.048519 0.183508 -1.80919 0.006764 0.309267 0.002534 0.950948
0.7 0.065488 0.184046 -1.79312 0.006764 0.309266 0.002534 0.950948
0.733333 0.084399 0.191452 -1.79304 0.006764 0.309266 0.002534 0.950948
23
0 -2.73878 2.40356 -3.32275 0.153475 0.204173 0.439445 0.861189
0.033333 -2.73883 2.4035 -3.32276 0.153475 0.204173 0.439445 0.861189
0.066667 -2.73883 2.40351 -3.32275 0.153475 0.204174 0.439445 0.861189
0.1 -2.7388 2.40354 -3.32274 0.153474 0.204173 0.439445 0.861189
0.133333 -2.73882 2.40351 -3.32275 0.153474 0.204173 0.439445 0.861189
0.166667 -2.73882 2.40352 -3.32275 0.153475 0.204173 0.439445 0.861189
0.2 -2.73879 2.40351 -3.3228 0.153475 0.204173 0.439445 0.861189
0.233333 -2.73876 2.40351 -3.32277 0.153475 0.204174 0.439445 0.861189
0.266667 -2.7388 2.4035 -3.32276 0.153474 0.204173 0.439445 0.861189
0.3 -2.73878 2.40351 -3.32276 0.153474 0.204172 0.439446 0.861189
0.333333 -2.73878 2.40348 -3.32279 0.153475 0.204174 0.439445 0.861189
0.366667 -2.73877 2.40349 -3.32279 0.153475 0.204174 0.439445 0.861189
0.4 -2.73878 2.40349 -3.3228 0.153474 0.204173 0.439445 0.861189
0.433333 -2.73878 2.40351 -3.32275 0.153474 0.204173 0.439445 0.861189
0.466667 -2.73879 2.4035 -3.32276 0.153475 0.204174 0.439445 0.861189
0.5 -2.73882 2.40349 -3.32276 0.153475 0.204173 0.439445 0.861189
0.533333 -2.73881 2.4035 -3.32276 0.153474 0.204173 0.439445 0.861189
0.566667 -2.73883 2.40349 -3.32272 0.153475 0.204173 0.439445 0.861189
0.6 -2.73881 2.40353 -3.32272 0.153474 0.204173 0.439445 0.861189
0.633333 -2.73877 2.40356 -3.32274 0.153474 0.204173 0.439445 0.861189
0.666667 -2.73882 2.40358 -3.32275 0.153475 0.204174 0.439445 0.861189
0.7 -2.73878 2.40358 -3.32275 0.153474 0.204173 0.439445 0.861189
0.733333 -2.73878 2.40356 -3.32275 0.153475 0.204173 0.439445 0.861189
23
0 -0.000326 -5.9e-05 -2.17802 2.3e-05 0.221287 -1.3e-05 0.975209
0.033333 -0.00027 -5.9e-05 -2.178 2.3e-05 0.22575 -1.3e-05 0.974185
0.066667 -0.000202 -0.000107 -2.17803 2.3e-05 0.231609 -1.3e-05 0.972809
0.1 -0.000162 -0.000145 -2.17806 2.3e-05 0.237678 -1.3e-05 0.971344
0.133333 -9.2e-05 -0.000113 -2.17805 2.3e-05 0.243336 -1.3e-05 0.969942
0.166667 -3.8e-05 -8.6e-05 -2.17808 2.4e-05 0.248109 -1.3e-05 0.968732
0.2 -8e-06 -2.8e-05 -2.17808 2.4e-05 0.252742 -1.3e-05 0.967534
0.233333 3e-06 9e-06 -2.17808 2.4e-05 0.257384 -1.3e-05 0.966309
0.266667 1.9e-05 4e-06 -2.17808 2.4e-05 0.262278 -1.3e-05 0.964992
0.3 2.4e-05 3.7e-05 -2.1781 2.4e-05 0.268442 -1.3e-05 0.963296
0.333333 3.1e-05 5.1e-05 -2.1781 2.4e-05 0.273243 -1.3e-05 0.961945
0.366667 1.6e-05 3.9e-05 -2.1781 2.4e-05 0.268358 -1.3e-05 0.963319
0.4 1.3e-05 8e-06 -2.17812 2.4e-05 0.265301 -1.3e-05 0.964166
0.433333 -6e-06 -5.4e-05 -2.17811 2.4e-05 0.258939 -1.3e-05 0.965894
0.466667 -4.5e-05 -6.9e-05 -2.17809 2.4e-05 0.252624 -1.3e-05 0.967564
0.5 -8.2e-05 -0.00012 -2.17812 2.3e-05 0.24711 -1.3e-05 0.968987
0.533333 -0.000122 -0.00011 -2.1781 2.4e-05 0.243178 -1.3e-05 0.969982
0.566667 -0.000139 -0.000121 -2.17809 2.3e-05 0.239881 -1.3e-05 0.970802
0.6 -0.000237 -0.000144 -2.1781 2.3e-05 0.236543 -1.3e-05 0.971621
0.633333 -0.000228 -0.000126 -2.17806 2.3e-05 0.233323 -1.3e-05 0.972399
0.666667 -0.000303 -0.000102 -2.17803 2.3e-05 0.229181 -1.3e-05 0.973384
0.7 -0.000364 -9.3e-05 -2.17801 2.3e-05 0.220268 -1.4e-05 0.975439
0.733333 -0.000326 -5.9e-05 -2.17802 2.3e-05 0.221287 -1.3e-05 0.975209
23
0 -2e-05 -2.6e-05 -3.37593 -1e-06 0.258226 1e-06 0.966085
0.033333 -9e-06 -1.2e-05 -3.37047 -1e-06 0.258226 1e-06 0.966085
0.066667 -1.2e-05 -4.6e-05 -3.36324 -1e-06 0.258226 1e-06 0.966085
0.1 2e-06 -1.5e-05 -3.35563 0 0.258226 1e-06 0.966085
0.133333 -4e-06 -2.9e-05 -3.34845 0 0.258225 1e-06 0.966085
0.166667 -8e-06 -2.7e-05 -3.34231 -1e-06 0.258226 1e-06 0.966085
0.2 3e-06 -3.2e-05 -3.33634 -1e-06 0.258226 1e-06 0.966085
0.233333 9e-06 -3.9e-05 -3.33033 0 0.258226 1e-06 0.966085
0.266667 -3.1e-05 -3.2e-05 -3.3239 -1e-06 0.258226 1e-06 0.966085
0.3 3e-06 -1.9e-05 -3.31576 0 0.258226 1e-06 0.966085
0.333333 -2.5e-05 -2e-05 -3.3094 -1e-06 0.258225 1e-06 0.966085
0.366667 -9e-06 -1.2e-05 -3.31585 -1e-06 0.258225 1e-06 0.966085
0.4 -1.5e-05 -2.9e-05 -3.31994 0 0.258226 1e-06 0.966085
0.433333 1e-05 -5e-06 -3.3283 -1e-06 0.258226 0 0.966085
0.466667 0 -2.6e-05 -3.33651 -1e-06 0.258226 1e-06 0.966085
0.5 8e-06 -7e-06 -3.34361 0 0.258226 1e-06 0.966085
0.533333 2e-06 -2.1e-05 -3.34867 0 0.258226 1e-06 0.966085
0.566667 -1e-05 -1.5e-05 -3.35282 -1e-06 0.258226 1e-06 0.966085
0.6 -6e-06 -7e-06 -3.35704 -1e-06 0.258226 1e-06 0.966085
0.633333 -2.3e-05 -2.6e-05 -3.36112 -1e-06 0.258226 1e-06 0.966085
0.666667 3e-05 -1.2e-05 -3.36623 -1e-06 0.258226 1e-06 0.966085
0.7 -1.9e-05 -1.8e-05 -3.37717 -1e-06 0.258226 1e-06 0.966085
0.733333 -2e-05 -2.6e-05 -3.37593 -1e-06 0.258226 1e-06 0.966085
23
0 -0.368891 3.10935 -2.43946 -0.08488 -0.732695 0.653532 0.169849
0.033333 -0.364707 3.10934 -2.44007 -0.080356 -0.734041 0.653856 0.164921
0.066667 -0.363592 3.10934 -2.44019 -0.069894 -0.736473 0.654572 0.15575
0.1 -0.36355 3.10934 -2.44025 -0.059312 -0.738709 0.655174 0.146761
0.133333 -0.363671 3.10932 -2.44019 -0.050019 -0.740546 0.655595 0.138873
0.166667 -0.363826 3.10932 -2.44018 -0.043364 -0.741788 0.655834 0.133234
0.2 -0.363976 3.10931 -2.4402 -0.037764 -0.742785 0.655998 0.128499
0.233333 -0.364097 3.10931 -2.44018 -0.032088 -0.743756 0.656124 0.123683
0.266667 -0.364234 3.10931 -2.44013 -0.026602 -0.744655 0.656212 0.119025
0.3 -0.364495 3.10931 -2.44013 -0.019514 -0.745754 0.656274 0.113023
0.333333 -0.364739 3.1093 -2.44005 -0.004253 -0.747912 0.65621 0.099992
0.366667 -0.364767 3.10931 -2.44004 -0.005998 -0.747679 0.656231 0.101491
0.4 -0.364732 3.10932 -2.44004 -0.013628 -0.746616 0.656282 0.108043
0.433333 -0.309029 3.10932 -2.44761 -0.03131 -0.746358 0.65593 0.10828
0.466667 -0.258016 3.10933 -2.45344 -0.048226 -0.745971 0.655195 0.109185
0.5 -0.233687 3.10934 -2.45584 -0.061042 -0.745023 0.654435 0.113708
0.533333 -0.299077 3.10935 -2.44892 -0.06036 -0.74201 0.654786 0.130516
0.566667 -0.364703 3.10935 -2.44005 -0.059353 -0.738634 0.655178 0.147101
0.6 -0.380579 3.10936 -2.43769 -0.065008 -0.736496 0.654963 0.156114
0.633333 -0.379416 3.10935 -2.43786 -0.073348 -0.734709 0.654444 0.162866
0.666667 -0.378006 3.10936 -2.4381 -0.083799 -0.732343 0.653678 0.171335
0.7 -0.373646 3.10935 -2.43871 -0.09234 -0.730533 0.652934 0.177405
0.733333 -0.368891 3.10935 -2.43946 -0.08488 -0.732695 0.653532 0.169849
23
0 -1e-06 -3.2e-05 -16.3121 -0.341801 0.060918 -0.435314 0.83064
0.033333 -2e-06 -1e-06 -16.3121 -0.436984 -0.076027 -0.365987 0.818119
0.066667 1e-06 2.5e-05 -16.3121 -0.474218 -0.220479 -0.233428 0.819767
0.1 -6e-06 -2.8e-05 -16.3121 -0.472737 -0.280154 -0.158493 0.820313
0.133333 -6e-06 -2.4e-05 -16.3121 -0.459946 -0.299827 -0.105228 0.829145
0.166667 4e-06 -3.6e-05 -16.3121 -0.448672 -0.272895 -0.071996 0.847962
0.2 7e-06 -2.5e-05 -16.3121 -0.434518 -0.237497 -0.050839 0.867298
0.233333 1.1e-05 -5.6e-05 -16.3121 -0.414968 -0.230658 -0.02712 0.879695
0.266667 -4e-06 1.2e-05 -16.3121 -0.39291 -0.238833 -0.009468 0.88797
0.3 9e-06 -2.9e-05 -16.3121 -0.3621 -0.238696 -0.021334 0.900807
0.333333 -3e-06 1.4e-05 -16.3121 -0.302754 -0.191685 -0.105551 0.927608
0.366667 1.4e-05 -7.2e-05 -16.3121 -0.320005 -0.232233 -0.159436 0.904569
0.4 6e-06 2.9e-05 -16.3121 -0.360434 -0.286637 -0.21573 0.861038
0.433333 1.4e-05 -3.9e-05 -16.3121 -0.373852 -0.336955 -0.182376 0.844651
0.466667 -1.2e-05 5.2e-05 -16.3121 -0.388548 -0.34559 -0.211341 0.827607
0.5 -9e-06 -9.2e-05 -16.3121 -0.385529 -0.291369 -0.284354 0.828019
0.533333 1.7e-05 -8.8e-05 -16.3121 -0.382212 -0.25868 -0.370075 0.806253
0.566667 0 -1e-05 -16.3121 -0.363608 -0.208932 -0.444733 0.791422
0.6 4e-06 -4.8e-05 -16.3121 -0.323425 -0.114295 -0.474141 0.810878
0.633333 1e-06 -1e-05 -16.3121 -0.285967 -0.006499 -0.473794 0.832886
0.666667 -1e-06 -6e-05 -16.3121 -0.289187 0.065028 -0.443202 0.845999
0.7 -4e-06 3.9e-05 -16.3121 -0.303808 0.115746 -0.41937 0.847604
0.733333 -1e-06 -3.2e-05 -16.3121 -0.341801 0.060918 -0.435314 0.83064
23
0 -2.6e-05 -8e-06 -22.8678 1e-06 -0.443189 2e-06 0.896428
0.033333 -1.2e-05 -3.1e-05 -22.8678 0 -0.362473 1e-06 0.931994
0.066667 -1.1e-05 -1.3e-05 -22.8678 0 -0.309807 1e-06 0.950799
0.1 2.4e-05 -1.8e-05 -22.8678 1e-06 -0.341326 2e-06 0.939945
0.133333 2e-05 -3e-06 -22.8678 1e-06 -0.397116 2e-06 0.917768
0.166667 1.6e-05 -6e-06 -22.8678 1e-06 -0.46238 2e-06 0.886682
0.2 1.8e-05 -3.4e-05 -22.8678 1e-06 -0.532475 2e-06 0.846446
0.233333 2.6e-05 1.4e-05 -22.8677 1e-06 -0.600801 2e-06 0.799399
0.266667 2.7e-05 -1.1e-05 -22.8678 1e-06 -0.661873 3e-06 0.749616
0.3 9e-06 1.7e-05 -22.8678 1e-06 -0.729744 3e-06 0.683721
0.333333 1.7e-05 2.7e-05 -22.8678 1e-06 -0.833365 3e-06 0.552723
0.366667 0 3.8e-05 -22.8677 1e-06 -0.839596 3e-06 0.543211
0.4 4e-06 -2.4e-05 -22.8678 1e-06 -0.804422 3e-06 0.594058
0.433333 1.3e-05 -5e-06 -22.8678 1e-06 -0.676272 3e-06 0.736652
0.466667 -8e-06 -2.2e-05 -22.8678 1e-06 -0.540415 2e-06 0.841398
0.5 -7e-06 2e-05 -22.8677 1e-06 -0.488668 2e-06 0.87247
0.533333 1e-06 -7e-06 -22.8678 1e-06 -0.404828 2e-06 0.914393
0.566667 -1.7e-05 -3e-05 -22.8678 0 -0.347983 2e-06 0.937501
0.6 2.2e-05 -3.6e-05 -22.8678 0 -0.394934 2e-06 0.91871
0.633333 -4.8e-05 -4e-06 -22.8678 1e-06 -0.463915 2e-06 0.885879
0.666667 -1.1e-05 -2e-05 -22.8677 1e-06 -0.470035 2e-06 0.882648
0.7 -3.2e-05 -2.6e-05 -22.8678 1e-06 -0.48492 2e-06 0.874558
0.733333 -2.6e-05 -8e-06 -22.8678 1e-06 -0.443189 2e-06 0.896428
23
0 4.3e-05 -5.7e-05 -26.3819 -0.048981 0.006684 0.722334 0.689775
0.033333 5.4e-05 -2.7e-05 -26.382 -0.04278 0.000192 0.722364 0.690188
0.066667 4.5e-05 -4.6e-05 -26.382 -0.029834 -0.013349 0.722241 0.690869
0.1 6.2e-05 -2.5e-05 -26.382 -0.016934 -0.026827 0.721866 0.691305
0.133333 8.5e-05 -3.4e-05 -26.382 -0.005628 -0.038626 0.721331 0.69149
0.166667 5.1e-05 -2.2e-05 -26.382 0.002454 -0.047054 0.72083 0.691508
0.2 4.9e-05 -1e-05 -26.382 0.009241 -0.054128 0.720333 0.691451
0.233333 1.4e-05 -5.2e-05 -26.382 0.016124 -0.061295 0.719759 0.691325
0.266667 2.2e-05 -3.1e-05 -26.382 0.022772 -0.068215 0.719136 0.691138
0.3 1.6e-05 -9e-06 -26.382 0.03134 -0.077127 0.718235 0.690802
0.333333 8e-06 -5e-05 -26.382 0.049814 -0.096318 0.715914 0.689717
0.366667 -3.9e-05 -4.2e-05 -26.382 0.047699 -0.094122 0.716206 0.689866
0.4 -1.2e-05 -1.2e-05 -26.382 0.038444 -0.084511 0.717403 0.690444
0.433333 5.1e-05 -3e-06 -26.382 0.026061 -0.071636 0.718803 0.691022
0.466667 3e-05 -2.3e-05 -26.382 0.013782 -0.058857 0.719962 0.691375
0.5 2.3e-05 -2.2e-05 -26.3821 0.002127 -0.046714 0.720852 0.691509
0.533333 3.8e-05 -3.6e-05 -26.382 -0.007679 -0.036486 0.721442 0.69147
0.566667 4.8e-05 -3.1e-05 -26.382 -0.017173 -0.026578 0.721875 0.691299
0.6 2e-05 -1.7e-05 -26.3819 -0.026663 -0.016664 0.722172 0.690999
0.633333 5.7e-05 -3.9e-05 -26.382 -0.036636 -0.006236 0.722338 0.690541
0.666667 3.3e-05 -3.1e-05 -26.382 -0.049152 0.006863 0.722332 0.689763
0.7 5.9e-05 -6.5e-05 -26.382 -0.058861 0.017034 0.722164 0.689003
0.733333 4.3e-05 -5.7e-05 -26.3819 -0.048981 0.006684 0.722334 0.689775
23
0 0.861084 3.73928 -9.29806 -0.108376 0.45724 -0.127424 0.87347
0.033333 0.861089 3.7393 -9.29801 -0.108377 0.45724 -0.127423 0.87347
0.066667 0.86108 3.73931 -9.29809 -0.108377 0.45724 -0.127424 0.87347
0.1 0.861094 3.73931 -9.29804 -0.108376 0.45724 -0.127424 0.873469
0.133333 0.861075 3.73936 -9.29806 -0.108377 0.45724 -0.127423 0.87347
0.166667 0.861084 3.73934 -9.29805 -0.108377 0.45724 -0.127423 0.87347
0.2 0.861062 3.73938 -9.29807 -0.108376 0.45724 -0.127423 0.87347
0.233333 0.861101 3.73942 -9.29804 -0.108376 0.45724 -0.127423 0.87347
0.266667 0.86108 3.73942 -9.29805 -0.108376 0.45724 -0.127424 0.87347
0.3 0.861038 3.73944 -9.29802 -0.108376 0.45724 -0.127423 0.87347
0.333333 0.861096 3.73945 -9.29803 -0.108377 0.45724 -0.127423 0.87347
0.366667 0.861093 3.73943 -9.29803 -0.108376 0.45724 -0.127424 0.873469
0.4 0.86109 3.73943 -9.29802 -0.108376 0.45724 -0.127423 0.87347
0.433333 0.861093 3.7394 -9.29804 -0.108376 0.45724 -0.127423 0.87347
0.466667 0.86108 3.73936 -9.29808 -0.108376 0.45724 -0.127424 0.87347
0.5 0.86109 3.73935 -9.2981 -0.108377 0.457241 -0.127424 0.873469
0.533333 0.861105 3.73931 -9.29806 -0.108377 0.45724 -0.127423 0.87347
0.566667 0.861104 3.73929 -9.29806 -0.108377 0.45724 -0.127423 0.87347
0.6 0.861101 3.73928 -9.29802 -0.108376 0.45724 -0.127424 0.873469
0.633333 0.861084 3.73928 -9.29801 -0.108377 0.45724 -0.127423 0.87347
0.666667 0.861065 3.73929 -9.29801 -0.108376 0.45724 -0.127423 0.87347
0.7 0.861073 3.73928 -9.29805 -0.108376 0.457241 -0.127423 0.87347
0.733333 0.861084 3.73928 -9.29806 -0.108376 0.45724 -0.127424 0.87347
23
0 0.042428 -0.012353 -1.5653 -0.026553 0.489533 0.070267 0.868743
0.033333 0.040599 -0.006758 -1.56426 -0.026553 0.489534 0.070267 0.868743
0.066667 0.037527 -0.003579 -1.56426 -0.026553 0.489533 0.070267 0.868743
0.1 0.031977 0.0004 -1.56398 -0.026553 0.489533 0.070267 0.868743
0.133333 0.025584 0.00305 -1.56314 -0.026552 0.489534 0.070267 0.868743
0.166667 0.019722 0.004351 -1.56196 -0.026553 0.489533 0.070267 0.868743
0.2 0.014205 0.004514 -1.56049 -0.026553 0.489533 0.070267 0.868743
0.233333 0.009077 0.003665 -1.55896 -0.026553 0.489533 0.070267 0.868743
0.266667 0.004422 0.001995 -1.55739 -0.026553 0.489533 0.070267 0.868743
0.3 0.000585 -0.000379 -1.55602 -0.026553 0.489533 0.070267 0.868743
0.333333 -0.00207 -0.002816 -1.5554 -0.026553 0.489533 0.070267 0.868743
0.366667 -0.00206 -0.002317 -1.55395 -0.026553 0.489533 0.070267 0.868743
0.4 1.3e-05 2.1e-05 -1.55315 -0.026553 0.489534 0.070267 0.868743
0.433333 0.009233 0.004501 -1.55742 -0.026553 0.489533 0.070267 0.868743
0.466667 0.019915 0.004839 -1.56122 -0.026553 0.489533 0.070267 0.868743
0.5 0.028675 0.002392 -1.5631 -0.026553 0.489533 0.070267 0.868743
0.533333 0.036985 -0.002642 -1.5639 -0.026553 0.489533 0.070267 0.868743
0.566667 0.042302 -0.008589 -1.56381 -0.026553 0.489534 0.070267 0.868743
0.6 0.043646 -0.011555 -1.56397 -0.026553 0.489534 0.070267 0.868743
0.633333 0.043392 -0.013122 -1.56471 -0.026553 0.489533 0.070267 0.868743
0.666667 0.042697 -0.014686 -1.56571 -0.026553 0.489533 0.070267 0.868743
0.7 0.041962 -0.014156 -1.56612 -0.026553 0.489533 0.070267 0.868743
0.733333 0.042428 -0.012353 -1.5653 -0.026553 0.489533 0.070267 0.868743
23
0 -0.234433 0.167919 -1.59326 0.073704 0.376682 -0.052454 0.921915
0.033333 -0.228232 0.128783 -1.59663 0.073704 0.376682 -0.052454 0.921915
0.066667 -0.223032 0.104823 -1.59083 0.073704 0.376682 -0.052454 0.921915
0.1 -0.208499 0.071349 -1.57748 0.073704 0.376682 -0.052454 0.921915
0.133333 -0.185519 0.043279 -1.56046 0.073704 0.376682 -0.052454 0.921915
0.166667 -0.158751 0.024391 -1.54396 0.073704 0.376682 -0.052454 0.921915
0.2 -0.128889 0.012255 -1.52795 0.073704 0.376682 -0.052454 0.921915
0.233333 -0.097406 0.006563 -1.51263 0.073704 0.376682 -0.052454 0.921915
0.266667 -0.065603 0.006305 -1.49873 0.073704 0.376682 -0.052454 0.921915
0.3 -0.036113 0.011223 -1.48652 0.073704 0.376682 -0.052454 0.921915
0.333333 -0.014224 0.017941 -1.47788 0.073704 0.376682 -0.052454 0.921915
0.366667 0.00132 0.012097 -1.48284 0.073704 0.376682 -0.052454 0.921915
0.4 1.4e-05 -6e-06 -1.49589 0.073704 0.376682 -0.052454 0.921915
0.433333 -0.079087 -0.005635 -1.52391 0.073704 0.376682 -0.052454 0.921915
0.466667 -0.149532 0.016633 -1.55346 0.073704 0.376682 -0.052454 0.921915
0.5 -0.19041 0.050216 -1.57718 0.073704 0.376682 -0.052454 0.921915
0.533333 -0.215451 0.097529 -1.59829 0.073704 0.376682 -0.052454 0.921915
0.566667 -0.222336 0.144222 -1.6094 0.073704 0.376682 -0.052454 0.921915
0.6 -0.224425 0.16517 -1.60817 0.073704 0.376682 -0.052454 0.921915
0.633333 -0.229117 0.175169 -1.6011 0.073704 0.376682 -0.052454 0.921915
0.666667 -0.23424 0.183928 -1.59093 0.073704 0.376682 -0.052454 0.921915
0.7 -0.237522 0.17867 -1.58563 0.073704 0.376682 -0.052454 0.921915
0.733333 -0.234433 0.167919 -1.59326 0.073704 0.376682 -0.052454 0.921915
23
0 0.902308 1.64353 -9.20853 0.001558 0.518261 -0.015531 0.85508
0.033333 0.902295 1.64354 -9.20849 0.001558 0.518261 -0.01553 0.85508
0.066667 0.9023 1.64355 -9.20853 0.001558 0.518261 -0.015531 0.85508
0.1 0.902313 1.64353 -9.20848 0.001558 0.518261 -0.015531 0.85508
0.133333 0.902313 1.64358 -9.20853 0.001558 0.518261 -0.015531 0.85508
0.166667 0.902317 1.64356 -9.20853 0.001558 0.518261 -0.015531 0.85508
0.2 0.902286 1.6436 -9.20857 0.001558 0.518261 -0.015531 0.85508
0.233333 0.902325 1.64362 -9.20853 0.001558 0.518261 -0.015531 0.85508
0.266667 0.902303 1.64364 -9.20854 0.001558 0.518261 -0.015531 0.85508
0.3 0.90228 1.64363 -9.20853 0.001558 0.518261 -0.01553 0.85508
0.333333 0.90232 1.64363 -9.20855 0.001558 0.518261 -0.01553 0.85508
0.366667 0.902308 1.64365 -9.20854 0.001558 0.518261 -0.015531 0.85508
0.4 0.902299 1.64364 -9.20852 0.001558 0.518261 -0.015531 0.85508
0.433333 0.902299 1.64361 -9.20854 0.001558 0.518261 -0.015531 0.85508
0.466667 0.902308 1.64356 -9.20855 0.001558 0.518261 -0.015531 0.85508
0.5 0.902311 1.64354 -9.20855 0.001558 0.518261 -0.015531 0.85508
0.533333 0.90231 1.64354 -9.20851 0.001558 0.518261 -0.015531 0.85508
0.566667 0.90231 1.64353 -9.20851 0.001558 0.518261 -0.015531 0.85508
0.6 0.902306 1.64352 -9.20848 0.001558 0.518261 -0.015531 0.85508
0.633333 0.902293 1.64353 -9.20845 0.001558 0.518261 -0.015531 0.85508
0.666667 0.902274 1.64355 -9.20848 0.001558 0.518261 -0.015531 0.85508
0.7 0.902297 1.64353 -9.2085 0.001558 0.518261 -0.015531 0.85508
0.733333 0.902308 1.64353 -9.20853 0.001558 0.518261 -0.015531 0.85508
23
0 -0.031066 0.085604 -2.33326 -0.00335 0.512727 0.070714 0.855628
0.033333 -0.039352 0.075584 -2.33308 -0.00335 0.512727 0.070714 0.855628
0.066667 -0.042841 0.067938 -2.33264 -0.00335 0.512727 0.070714 0.855628
0.1 -0.044195 0.05556 -2.33129 -0.00335 0.512727 0.070714 0.855628
0.133333 -0.041662 0.042974 -2.33021 -0.00335 0.512727 0.070714 0.855628
0.166667 -0.036398 0.032563 -2.32981 -0.00335 0.512727 0.070714 0.855628
0.2 -0.029383 0.023599 -2.33018 -0.00335 0.512727 0.070714 0.855628
0.233333 -0.021096 0.015847 -2.33169 -0.00335 0.512727 0.070714 0.855628
0.266667 -0.011946 0.009574 -2.3342 -0.00335 0.512727 0.070714 0.855628
0.3 -0.002365 0.00489 -2.33752 -0.00335 0.512727 0.070714 0.855628
0.333333 0.006127 0.001642 -2.34221 -0.00335 0.512727 0.070714 0.855628
0.366667 0.006465 9.3e-05 -2.34666 -0.00335 0.512727 0.070714 0.855628
0.4 3.5e-05 2.4e-05 -2.34928 -0.00335 0.512727 0.070714 0.855628
0.433333 -0.023125 0.009986 -2.34161 -0.00335 0.512727 0.070714 0.855628
0.466667 -0.040271 0.027334 -2.33759 -0.00335 0.512727 0.070714 0.855628
0.5 -0.048149 0.044296 -2.33763 -0.00335 0.512728 0.070714 0.855628
0.533333 -0.049557 0.062996 -2.33991 -0.00335 0.512727 0.070714 0.855628
0.566667 -0.044712 0.078062 -2.34249 -0.00335 0.512727 0.070714 0.855628
0.6 -0.03952 0.084284 -2.34163 -0.00335 0.512727 0.070714 0.855628
0.633333 -0.03449 0.087173 -2.33848 -0.00335 0.512727 0.070714 0.855628
0.666667 -0.027828 0.089214 -2.33427 -0.00335 0.512727 0.070714 0.855628
0.7 -0.025479 0.087761 -2.33101 -0.00335 0.512727 0.070714 0.855628
0.733333 -0.031066 0.085604 -2.33326 -0.00335 0.512727 0.070714 0.855628
23
0 -0.1808 0.274113 -1.81865 0.076391 0.349689 -0.044923 0.932665
0.033333 -0.187032 0.23077 -1.82989 0.076391 0.349689 -0.044923 0.932665
0.066667 -0.192132 0.201578 -1.82797 0.076391 0.349689 -0.044923 0.932665
0.1 -0.192875 0.157314 -1.81846 0.076391 0.349689 -0.044923 0.932665
0.133333 -0.182841 0.115623 -1.80268 0.076391 0.349689 -0.044924 0.932665
0.166667 -0.164647 0.083096 -1.78508 0.076391 0.349689 -0.044923 0.932665
0.2 -0.139879 0.057363 -1.76618 0.076391 0.349689 -0.044923 0.932665
0.233333 -0.110298 0.038306 -1.74659 0.076391 0.349689 -0.044923 0.932665
0.266667 -0.077517 0.025503 -1.72758 0.076391 0.349689 -0.044924 0.932665
0.3 -0.04473 0.019288 -1.70948 0.076391 0.349689 -0.044923 0.932665
0.333333 -0.018423 0.017963 -1.696 0.076391 0.349689 -0.044923 0.932665
0.366667 0.000628 0.008957 -1.70089 0.076391 0.349689 -0.044923 0.932665
0.4 -1.6e-05 1.2e-05 -1.71826 0.076391 0.349689 -0.044923 0.932665
0.433333 -0.086872 0.022704 -1.76004 0.076391 0.349689 -0.044923 0.932665
0.466667 -0.151503 0.074262 -1.79686 0.076391 0.349689 -0.044923 0.932665
0.5 -0.17837 0.128788 -1.82122 0.076391 0.349689 -0.044923 0.932665
0.533333 -0.181839 0.193415 -1.83782 0.076391 0.349689 -0.044923 0.932665
0.566667 -0.167762 0.249638 -1.84122 0.076391 0.349689 -0.044923 0.932665
0.6 -0.162941 0.272812 -1.83554 0.076391 0.349689 -0.044923 0.932665
0.633333 -0.167887 0.282954 -1.82578 0.076391 0.349689 -0.044923 0.932665
0.666667 -0.175117 0.290933 -1.81282 0.076391 0.349689 -0.044923 0.932665
0.7 -0.183594 0.284413 -1.80807 0.076391 0.349689 -0.044923 0.932665
0.733333 -0.1808 0.274113 -1.81865 0.076391 0.349689 -0.044923 0.932665
23
0 0.425606 -0.364558 -9.19381 0.053035 0.470903 -0.01608 0.880442
0.033333 0.425605 -0.364567 -9.19377 0.053035 0.470903 -0.01608 0.880442
0.066667 0.425611 -0.364553 -9.19383 0.053034 0.470903 -0.01608 0.880442
0.1 0.425624 -0.364574 -9.1938 0.053035 0.470903 -0.01608 0.880442
0.133333 0.425627 -0.364544 -9.19382 0.053035 0.470903 -0.01608 0.880442
0.166667 0.425629 -0.364569 -9.19383 0.053035 0.470903 -0.01608 0.880442
0.2 0.425609 -0.364539 -9.19387 0.053035 0.470903 -0.01608 0.880442
0.233333 0.425651 -0.364511 -9.19387 0.053035 0.470903 -0.01608 0.880442
0.266667 0.425635 -0.3645 -9.19388 0.053035 0.470903 -0.01608 0.880442
0.3 0.425605 -0.364479 -9.19386 0.053035 0.470902 -0.01608 0.880443
0.333333 0.425643 -0.364508 -9.19389 0.053034 0.470903 -0.01608 0.880442
0.366667 0.425624 -0.364512 -9.19387 0.053035 0.470903 -0.01608 0.880442
0.4 0.425607 -0.364507 -9.19386 0.053035 0.470903 -0.01608 0.880442
0.433333 0.425623 -0.364534 -9.19386 0.053035 0.470903 -0.01608 0.880442
0.466667 0.425622 -0.364564 -9.19388 0.053035 0.470903 -0.01608 0.880442
0.5 0.425622 -0.364569 -9.19387 0.053035 0.470903 -0.01608 0.880442
0.533333 0.425638 -0.364577 -9.1938 0.053035 0.470903 -0.01608 0.880442
0.566667 0.425626 -0.364562 -9.19382 0.053035 0.470903 -0.01608 0.880442
0.6 0.425623 -0.364568 -9.19378 0.053035 0.470903 -0.01608 0.880442
0.633333 0.425605 -0.364567 -9.19378 0.053035 0.470903 -0.01608 0.880442
0.666667 0.425586 -0.36454 -9.19378 0.053035 0.470903 -0.01608 0.880442
0.7 0.425628 -0.364551 -9.19379 0.053034 0.470903 -0.01608 0.880442
0.733333 0.425606 -0.364558 -9.19381 0.053035 0.470903 -0.01608 0.880442
23
0 0.077508 0.044803 -2.67269 -0.010016 0.504052 0.045109 0.862436
0.033333 0.066141 0.048805 -2.66998 -0.010016 0.504052 0.045109 0.862436
0.066667 0.055393 0.049656 -2.67004 -0.010016 0.504052 0.045109 0.862436
0.1 0.040783 0.048415 -2.66811 -0.010016 0.504052 0.045109 0.862436
0.133333 0.027704 0.044286 -2.665 -0.010016 0.504052 0.045109 0.862436
0.166667 0.01832 0.038806 -2.66149 -0.010016 0.504052 0.045109 0.862436
0.2 0.01119 0.032092 -2.65823 -0.010016 0.504052 0.045109 0.862436
0.233333 0.005631 0.02386 -2.65594 -0.010016 0.504052 0.045109 0.862436
0.266667 0.001919 0.014669 -2.655 -0.010016 0.504051 0.045109 0.862437
0.3 0.000153 0.004955 -2.65579 -0.010016 0.504052 0.04511 0.862436
0.333333 0.000437 -0.004593 -2.66063 -0.010016 0.504052 0.045109 0.862436
0.366667 0.000566 -0.004989 -2.66288 -0.010016 0.504052 0.045109 0.862436
0.4 2e-05 2.3e-05 -2.66436 -0.010016 0.504052 0.045109 0.862436
0.433333 0.002451 0.017211 -2.66554 -0.010016 0.504052 0.045109 0.862436
0.466667 0.012573 0.031828 -2.67005 -0.010016 0.504052 0.045109 0.862436
0.5 0.025852 0.040318 -2.67463 -0.010016 0.504052 0.045109 0.862436
0.533333 0.043494 0.044718 -2.67893 -0.010016 0.504052 0.045109 0.862436
0.566667 0.059914 0.044308 -2.68125 -0.010016 0.504052 0.045109 0.862436
0.6 0.068197 0.043703 -2.68024 -0.010016 0.504052 0.045109 0.862436
0.633333 0.073618 0.043584 -2.67802 -0.010016 0.504052 0.045109 0.862436
0.666667 0.080094 0.042657 -2.67505 -0.010016 0.504052 0.045109 0.862436
0.7 0.082467 0.042927 -2.67198 -0.010016 0.504052 0.045109 0.862436
0.733333 0.077508 0.044803 -2.67269 -0.010016 0.504052 0.045109 0.862436
23
0 -0.109862 0.21427 -1.96908 0.050964 0.357232 -0.034943 0.931969
0.033333 -0.121506 0.185431 -1.97856 0.050964 0.357232 -0.034943 0.931969
0.066667 -0.128348 0.164911 -1.97897 0.050964 0.357233 -0.034944 0.931969
0.1 -0.133482 0.13281 -1.97454 0.050964 0.357233 -0.034944 0.931969
0.133333 -0.130298 0.10126 -1.96572 0.050964 0.357232 -0.034944 0.931969
0.166667 -0.120066 0.075684 -1.95522 0.050964 0.357232 -0.034944 0.931969
0.2 -0.104125 0.054285 -1.94379 0.050964 0.357232 -0.034944 0.931969
0.233333 -0.08351 0.037063 -1.93191 0.050964 0.357232 -0.034944 0.931969
0.266667 -0.059359 0.023888 -1.92031 0.050964 0.357232 -0.034944 0.931969
0.3 -0.033726 0.015245 -1.90917 0.050964 0.357233 -0.034944 0.931969
0.333333 -0.010636 0.01039 -1.90102 0.050964 0.357232 -0.034944 0.931969
0.366667 0.002759 0.004043 -1.90556 0.050964 0.357232 -0.034944 0.931969
0.4 -2.2e-05 -2.4e-05 -1.9182 0.050964 0.357232 -0.034944 0.931969
0.433333 -0.064981 0.023765 -1.94376 0.050964 0.357233 -0.034943 0.931969
0.466667 -0.109319 0.066685 -1.96592 0.050964 0.357233 -0.034944 0.931969
0.5 -0.124454 0.108957 -1.98035 0.050964 0.357232 -0.034944 0.931969
0.533333 -0.120824 0.156513 -1.98953 0.050964 0.357232 -0.034944 0.931969
0.566667 -0.104459 0.195971 -1.99008 0.050964 0.357233 -0.034944 0.931969
0.6 -0.097961 0.212116 -1.98464 0.050964 0.357232 -0.034944 0.931969
0.633333 -0.099532 0.219444 -1.97621 0.050964 0.357233 -0.034944 0.931969
0.666667 -0.102641 0.225011 -1.96502 0.050964 0.357232 -0.034943 0.931969
0.7 -0.109222 0.220907 -1.96034 0.050964 0.357232 -0.034943 0.931969
0.733333 -0.109862 0.21427 -1.96908 0.050964 0.357232 -0.034943 0.931969
23
0 0.542985 -2.47624 -9.77648 0.058957 0.544578 -0.001554 0.836634
0.033333 0.542983 -2.47625 -9.77647 0.058957 0.544578 -0.001554 0.836634
0.066667 0.542988 -2.47623 -9.77651 0.058957 0.544578 -0.001554 0.836634
0.1 0.542987 -2.47625 -9.77648 0.058957 0.544578 -0.001554 0.836634
0.133333 0.542987 -2.4762 -9.77652 0.058957 0.544578 -0.001554 0.836634
0.166667 0.54298 -2.47621 -9.77651 0.058957 0.544578 -0.001554 0.836634
0.2 0.542971 -2.47621 -9.77653 0.058957 0.544578 -0.001554 0.836634
0.233333 0.543014 -2.47616 -9.77652 0.058957 0.544578 -0.001554 0.836634
0.266667 0.542997 -2.47616 -9.77653 0.058957 0.544578 -0.001554 0.836634
0.3 0.542977 -2.47615 -9.77651 0.058957 0.544578 -0.001554 0.836634
0.333333 0.542987 -2.47616 -9.77651 0.058957 0.544578 -0.001554 0.836634
0.366667 0.542968 -2.47616 -9.7765 0.058957 0.544578 -0.001554 0.836634
0.4 0.542977 -2.47617 -9.7765 0.058957 0.544578 -0.001554 0.836634
0.433333 0.542969 -2.47618 -9.77651 0.058957 0.544578 -0.001554 0.836634
0.466667 0.542972 -2.47622 -9.77654 0.058957 0.544578 -0.001554 0.836634
0.5 0.543 -2.47624 -9.77651 0.058957 0.544578 -0.001554 0.836634
0.533333 0.542984 -2.47622 -9.77651 0.058957 0.544578 -0.001554 0.836634
0.566667 0.542989 -2.47622 -9.77648 0.058957 0.544578 -0.001554 0.836634
0.6 0.542986 -2.47623 -9.77648 0.058957 0.544578 -0.001554 0.836634
0.633333 0.542982 -2.47623 -9.77643 0.058957 0.544578 -0.001554 0.836634
0.666667 0.542963 -2.47624 -9.77648 0.058957 0.544578 -0.001554 0.836634
0.7 0.542985 -2.47625 -9.77646 0.058957 0.544578 -0.001554 0.836634
0.733333 0.542985 -2.47624 -9.77648 0.058957 0.544578 -0.001554 0.836634
23
0 0.039099 0.091389 -2.02875 -0.004446 0.513941 0.065298 0.855325
0.033333 0.024352 0.087797 -2.02746 -0.004446 0.513941 0.065298 0.855325
0.066667 0.013999 0.083445 -2.0278 -0.004446 0.513941 0.065298 0.855325
0.1 0.001669 0.074445 -2.02608 -0.004446 0.513941 0.065298 0.855325
0.133333 -0.007051 0.063063 -2.0236 -0.004446 0.513941 0.065298 0.855325
0.166667 -0.011213 0.052033 -2.02108 -0.004446 0.513941 0.065298 0.855325
0.2 -0.012427 0.040949 -2.01913 -0.004446 0.513941 0.065298 0.855325
0.233333 -0.011375 0.029528 -2.01847 -0.004446 0.513941 0.065298 0.855325
0.266667 -0.008165 0.01838 -2.01932 -0.004446 0.51394 0.065298 0.855326
0.3 -0.002905 0.007792 -2.02173 -0.004446 0.513941 0.065298 0.855325
0.333333 0.003821 -0.00179 -2.02772 -0.004446 0.513941 0.065298 0.855325
0.366667 0.004588 -0.003496 -2.03215 -0.004446 0.513941 0.065298 0.855325
0.4 3.5e-05 -3.5e-05 -2.03518 -0.004446 0.513941 0.065298 0.855325
0.433333 -0.013732 0.020356 -2.03163 -0.004446 0.513941 0.065298 0.855325
0.466667 -0.016807 0.043371 -2.03243 -0.004446 0.513941 0.065298 0.855325
0.5 -0.011098 0.061118 -2.03553 -0.004446 0.513941 0.065298 0.855325
0.533333 0.002286 0.076694 -2.03949 -0.004446 0.513941 0.065298 0.855325
0.566667 0.018603 0.086168 -2.04215 -0.004446 0.513941 0.065298 0.855325
0.6 0.028242 0.089708 -2.0404 -0.004446 0.513941 0.065298 0.855325
0.633333 0.035227 0.091519 -2.03634 -0.004446 0.513941 0.065298 0.855325
0.666667 0.043826 0.092143 -2.03091 -0.004446 0.513941 0.065298 0.855325
0.7 0.04636 0.091384 -2.02629 -0.004446 0.513941 0.065298 0.855325
0.733333 0.039099 0.091389 -2.02875 -0.004446 0.513941 0.065298 0.855325
23
0 -0.106255 0.2982 -1.84926 0.071528 0.338337 -0.043587 0.93729
0.033333 -0.121327 0.260067 -1.86454 0.071528 0.338336 -0.043587 0.93729
0.066667 -0.13259 0.233088 -1.86688 0.071528 0.338337 -0.043587 0.93729
0.1 -0.144722 0.190305 -1.86324 0.071528 0.338337 -0.043587 0.93729
0.133333 -0.147311 0.14758 -1.85275 0.071528 0.338337 -0.043587 0.93729
0.166667 -0.140251 0.112249 -1.8388 0.071528 0.338337 -0.043587 0.93729
0.2 -0.12543 0.082218 -1.82262 0.071528 0.338337 -0.043587 0.93729
0.233333 -0.10406 0.057389 -1.80506 0.071528 0.338337 -0.043588 0.93729
0.266667 -0.077307 0.037717 -1.78729 0.071528 0.338337 -0.043587 0.93729
0.3 -0.047944 0.02405 -1.76974 0.071528 0.338336 -0.043587 0.93729
0.333333 -0.020504 0.015522 -1.75649 0.071528 0.338337 -0.043587 0.93729
0.366667 -0.000976 0.005443 -1.76092 0.071528 0.338337 -0.043588 0.93729
0.4 -6e-06 1.3e-05 -1.77793 0.071528 0.338337 -0.043587 0.93729
0.433333 -0.07586 0.037831 -1.81929 0.071528 0.338337 -0.043587 0.93729
0.466667 -0.122562 0.099733 -1.85227 0.071528 0.338337 -0.043587 0.93729
0.5 -0.132606 0.158229 -1.87115 0.071528 0.338337 -0.043588 0.93729
0.533333 -0.118559 0.222296 -1.88031 0.071528 0.338337 -0.043588 0.93729
0.566667 -0.091647 0.274344 -1.87675 0.071528 0.338337 -0.043587 0.93729
0.6 -0.083417 0.295485 -1.86799 0.071528 0.338337 -0.043588 0.93729
0.633333 -0.088381 0.305087 -1.85682 0.071528 0.338337 -0.043587 0.93729
0.666667 -0.096756 0.312313 -1.84242 0.071528 0.338337 -0.043587 0.93729
0.7 -0.108282 0.306804 -1.83747 0.071528 0.338337 -0.043587 0.93729
0.733333 -0.106255 0.2982 -1.84926 0.071528 0.338337 -0.043587 0.93729
23
0 -2.73186 -2.54237 -2.37017 -0.07415 0.159604 -0.441866 0.879649
0.033333 -2.73186 -2.54238 -2.37014 -0.07415 0.159604 -0.441866 0.879649
0.066667 -2.73186 -2.54237 -2.37017 -0.074151 0.159604 -0.441866 0.879649
0.1 -2.73185 -2.54239 -2.37012 -0.07415 0.159604 -0.441866 0.879649
0.133333 -2.73185 -2.54235 -2.37012 -0.07415 0.159604 -0.441866 0.879649
0.166667 -2.73185 -2.5424 -2.37013 -0.074151 0.159604 -0.441866 0.879649
0.2 -2.73188 -2.54238 -2.37014 -0.07415 0.159604 -0.441866 0.879649
0.233333 -2.73184 -2.54236 -2.37013 -0.07415 0.159604 -0.441866 0.879649
0.266667 -2.73185 -2.54237 -2.37015 -0.07415 0.159604 -0.441866 0.879649
0.3 -2.7319 -2.54237 -2.37013 -0.07415 0.159604 -0.441867 0.879649
0.333333 -2.73187 -2.54239 -2.37015 -0.07415 0.159604 -0.441866 0.879649
0.366667 -2.73186 -2.54241 -2.37017 -0.074151 0.159604 -0.441866 0.879649
0.4 -2.73189 -2.5424 -2.37014 -0.07415 0.159604 -0.441866 0.879649
0.433333 -2.73188 -2.54239 -2.37014 -0.07415 0.159604 -0.441867 0.879649
0.466667 -2.73188 -2.54239 -2.37016 -0.07415 0.159604 -0.441866 0.879649
0.5 -2.73188 -2.54238 -2.37014 -0.07415 0.159604 -0.441866 0.879649
0.533333 -2.73188 -2.54237 -2.37014 -0.074151 0.159604 -0.441866 0.879649
0.566667 -2.73187 -2.54236 -2.37018 -0.07415 0.159604 -0.441866 0.879649
0.6 -2.73186 -2.54236 -2.37014 -0.07415 0.159604 -0.441866 0.879649
0.633333 -2.73188 -2.54237 -2.37009 -0.07415 0.159604 -0.441866 0.879649
0.666667 -2.73188 -2.54237 -2.37014 -0.07415 0.159604 -0.441866 0.879649
0.7 -2.73182 -2.54237 -2.37017 -0.07415 0.159604 -0.441866 0.879649
0.733333 -2.73186 -2.54237 -2.37017 -0.07415 0.159604 -0.441866 0.879649
23
0 0.000191 -7.2e-05 -2.71455 -0.001846 0.213119 0.056421 0.975394
0.033333 0.000177 -5.8e-05 -2.71457 -0.002085 0.210048 0.056419 0.97606
0.066667 0.000161 -4.3e-05 -2.71457 -0.002581 0.203657 0.056412 0.977412
0.1 0.000122 -2.9e-05 -2.71461 -0.00307 0.197315 0.0564 0.978712
0.133333 0.000118 -3.4e-05 -2.71455 -0.003496 0.191777 0.056386 0.979811
0.166667 6.5e-05 -2.9e-05 -2.71456 -0.003799 0.187827 0.056375 0.980576
0.2 6.8e-05 -5e-06 -2.71452 -0.004051 0.184517 0.056364 0.981204
0.233333 2.6e-05 -3.5e-05 -2.71452 -0.004307 0.181165 0.056351 0.981827
0.266667 -1e-06 -3.3e-05 -2.71449 -0.004553 0.177932 0.056338 0.982418
0.3 5.6e-05 -3.7e-05 -2.71445 -0.004868 0.173772 0.05632 0.983162
0.333333 -2.8e-05 -4.3e-05 -2.71444 -0.005541 0.164824 0.056274 0.984701
0.366667 -5e-05 -4.3e-05 -2.71443 -0.005465 0.165847 0.05628 0.984529
0.4 -2.3e-05 4e-06 -2.71444 -0.005127 0.170328 0.056303 0.983764
0.433333 5e-05 7e-06 -2.71449 -0.004674 0.176335 0.056331 0.982706
0.466667 5.4e-05 7e-06 -2.71454 -0.00422 0.182305 0.056356 0.981617
0.5 0.00012 2e-06 -2.7146 -0.003786 0.187986 0.056375 0.980545
0.533333 0.00019 -1.4e-05 -2.71457 -0.003419 0.19278 0.056389 0.979615
0.566667 0.000217 -5e-05 -2.71455 -0.003061 0.197432 0.0564 0.978688
0.6 0.000222 -5.6e-05 -2.71459 -0.002701 0.202096 0.056409 0.977736
0.633333 0.000232 -5.8e-05 -2.71458 -0.002321 0.207011 0.056416 0.976708
0.666667 0.000223 -9.1e-05 -2.71457 -0.001839 0.213204 0.056421 0.975375
0.7 0.000195 -9.6e-05 -2.71455 -0.001463 0.218028 0.056422 0.974309
0.733333 0.000191 -7.2e-05 -2.71455 -0.001846 0.213119 0.056421 0.975394
23
0 0.008578 -0.006613 -2.97771 -0.017284 -0.012017 0.069254 0.997377
0.033333 0.007962 -0.00613 -2.981 -0.017284 -0.012016 0.069254 0.997377
0.066667 0.00666 -0.005111 -2.98782 -0.017284 -0.012017 0.069254 0.997377
0.1 0.005363 -0.004103 -2.99446 -0.017284 -0.012017 0.069254 0.997377
0.133333 0.004233 -0.003226 -3.00027 -0.017284 -0.012017 0.069254 0.997377
0.166667 0.003438 -0.002639 -3.00428 -0.017284 -0.012016 0.069254 0.997377
0.2 0.00281 -0.002144 -3.00769 -0.017284 -0.012016 0.069254 0.997377
0.233333 0.002137 -0.001614 -3.01108 -0.017284 -0.012017 0.069254 0.997377
0.266667 0.001497 -0.00114 -3.01435 -0.017284 -0.012017 0.069254 0.997377
0.3 0.000648 -0.000516 -3.01849 -0.017284 -0.012017 0.069254 0.997377
0.333333 -0.001065 0.000813 -3.02726 -0.017284 -0.012017 0.069254 0.997377
0.366667 -0.000756 0.000648 -3.02626 -0.017284 -0.012016 0.069254 0.997377
0.4 4e-06 1.2e-05 -3.0219 -0.017284 -0.012017 0.069254 0.997377
0.433333 0.00121 -0.000885 -3.01593 -0.017284 -0.012016 0.069254 0.997377
0.466667 0.002369 -0.001804 -3.0099 -0.017284 -0.012017 0.069254 0.997377
0.5 0.003491 -0.002678 -3.00413 -0.017284 -0.012017 0.069254 0.997377
0.533333 0.004444 -0.003395 -2.99921 -0.017284 -0.012017 0.069254 0.997377
0.566667 0.005393 -0.004122 -2.99432 -0.017284 -0.012016 0.069254 0.997377
0.6 0.00633 -0.004866 -2.98945 -0.017284 -0.012017 0.069254 0.997377
0.633333 0.007342 -0.005646 -2.98427 -0.017284 -0.012017 0.069254 0.997377
0.666667 0.008604 -0.006614 -2.97764 -0.017284 -0.012017 0.069254 0.997377
0.7 0.009613 -0.007414 -2.97247 -0.017284 -0.012017 0.069254 0.997377
0.733333 0.008578 -0.006613 -2.97771 -0.017284 -0.012017 0.069254 0.997377
