0.0 0.0 0.0 1.0
0.9997872023585819 2.4567227848142265e-09 1.1918336193831676e-07 0.02060855545199322
0.0 0.0 0.0 1.0
-3.339748389811153e-08 0.8968415133121348 -0.442351986511943 2.8153329908594855e-07
0.7279279068227501 -8.990991963144493e-07 -7.809842834189052e-07 0.6856536826270242
0.8131272495856791 -0.11778935684811753 -0.11294468462673446 0.5587426509583817
-0.22432019488217073 2.633206019515416e-07 2.6740955705316047e-08 0.9745154693487427
-0.24272697468594234 0.39383214008515033 0.7017163792896871 0.541824925598666
-0.25033200720521903 -0.380821425630596 -0.6920011930688543 0.5598600896652662
0.027479085609706865 0.6868414281993036 -0.4421130891768751 0.5762200469438737
-0.3698549405791276 0.038166571383011876 0.4188264651853096 0.8284533782899313
0.019891982012440395 0.15909436153130088 -0.036329566565215875 0.9863941656356248
-0.6359877952179814 -6.479208779890662e-13 -9.603191689147957e-08 0.77169916418252
0.5717025944494627 2.4391285922898692e-08 -0.028525090572173565 0.81996496876391
-0.35276534213752353 0.19803743985224723 0.19291556807995253 0.8939358897594389
0.8120530789282464 -0.035842095987817194 0.12683886090278168 0.5685040017449305
0.8119517380977763 0.2783966267866766 0.2641328479725159 0.43984486176072896
0.012335928012885333 0.006816605332276293 -0.36827412786015845 0.929610442604858
-0.01168683894441859 0.49552836348963814 -0.22628772493997798 0.8385158764149907
-0.21008290034564736 0.008482718994788278 -0.12142446785885226 0.9700769299390644
-0.16824928141007198 8.672227128612834e-08 -1.6808676464873054e-08 0.9857444775396917
-0.3274314053800307 -0.0033398472711403666 -0.012076345107105424 0.9447918553840311
-0.4596260190528249 0.055052555865376065 -0.5253367118603012 0.7139568614419222
-0.4185390719796461 -0.038981095112508336 0.48806112575501487 0.7649195055690501
-0.18321621028270013 0.02120711013823405 -0.6130300264131007 0.7682293765536435
-0.527121302797424 0.21730022081228967 0.08580362204945462 0.8170443837393412
-0.07552940224416423 0.06898308839031429 -0.5562065250513147 0.8247248177422576
-0.5855405158656641 -0.004288595250979651 0.5600022538261581 0.5861068375304966
-0.26850739355457215 -0.10675117265570164 -0.13662979917287976 0.9475443920999163
0.7219870428200218 -0.05563572836862283 -0.5441337956226068 0.4237422998687587
-2.3921244195704062e-08 0.9484770028840973 -0.316846032203401 2.9774259063876236e-07
0.6936673013665866 8.954685266739675e-08 0.0017622633181302502 0.7202933221958954
0.013738044767692121 -0.007497713128526566 0.3034600151000854 0.9527156317600756
-0.16392833196647827 -0.03312971972653972 -0.08190751247498793 0.9825075572228439
0.4263988899135567 0.02195375235578413 -0.4100257399098182 0.8059658646617733
-0.45159687151238287 -0.02613460377719009 0.35604986713325526 0.8176831446226588
-0.03886679028568593 -2.6022947068239827e-08 0.01587888952521557 0.9991181987132455
0.13111437575225024 0.18858931208358906 0.01934094847989488 0.9730719783243169
-0.5212897435732147 -0.0448340624056637 0.40541817702012545 0.7495885538080207
0.2687509201666003 5.710075236239173e-13 -1.046552971252963e-07 0.9632097253454202
-0.11266806004379322 -0.025489665067224828 -0.44140740305786125 0.8898402525172707
0.8204077492320511 -0.058427867173207 0.38498673409124934 -0.4186913157774698
-0.4563141535122908 0.16372564402873704 -0.17456922293763294 0.8570279312834559
0.22160025351641222 3.4024698614752965e-07 0.8817124389504778 -0.41650518216248755
-0.04325036780283392 5.93186204176909e-07 -0.4115991920220212 0.9103380965333704
0.1729940888516769 -0.015370678237465792 0.024326839517851414 0.9845024250858908
0.08954310705685711 -3.053793605189397e-07 -0.16401933087958828 0.9823846624413473
0.3758197475705532 -2.209413437250842e-07 -2.3595171195780286e-07 0.9266927889003992
-0.07368787497445388 -1.8688066746356745e-07 0.03616932336233673 0.9966252931769292
-0.08237661914205383 0.022674763027745813 -0.21897392980271557 0.9719827158957097
0.2546252063303773 -4.622611058840963e-07 0.010206011660509289 0.9669859616354313
-0.08663845406366004 -0.03182852979801678 -0.16211123376104422 0.9824462580721655
0.3033039990240847 2.2718794204839328e-07 -1.9042414214521567e-07 0.952893881814759
-0.1156139879530216 1.415213391963548e-07 -0.08954113255786812 0.9892501074045936
-0.22357971358074077 1.0354548742204749e-07 -0.13161081874290684 0.9657591314608419
0.22689397104490136 0.4250194421627732 0.14866498097163156 0.8635834354594812
-0.008663248188433788 0.8853489283892537 0.08751493057202243 0.45653404216048526
