0.02340838 0.724623 0.4991614
0.0 0.2186086 0.2735935
0.0 0.0 0.0
0.0 0.2187945 0.0
0.0 0.2187945 0.0
0.0 0.2187945 0.0
2.13163e-14 0.4638118 2.98023e-08
2.13163e-14 0.4638118 2.98023e-08
2.13163e-14 0.4638118 2.98023e-08
0.0 0.2949686 0.0
0.0 0.2949686 0.0
-3.72529e-09 0.5363288 -1.49012e-08
-1.06581e-14 0.4030086 5.96046e-08
-1.06581e-14 0.4030086 5.96046e-08
2.98023e-08 0.4197399 1.49012e-08
2.98023e-08 0.4197399 1.49012e-08
2.98023e-08 0.4870234 -7.45058e-09
2.98023e-08 0.4870234 -7.45058e-09
7.45058e-09 0.3220047 1.49012e-08
-7.45058e-09 0.42473 0.0
0.0 0.502379 0.0
0.0 0.3224137 0.0
0.0 0.3224137 0.0
0.0 0.3224137 0.0
0.0 0.4577118 5.96046e-08
0.0 0.2320687 0.0
-2.98023e-08 0.2516726 2.98023e-08
2.98023e-08 0.4489133 0.0
-1.49012e-08 0.7570111 1.19209e-07
-2.98023e-08 0.6469619 2.98023e-08
-3.72529e-09 0.495394 -2.98023e-08
-9.31323e-10 0.4711279 0.0
-1.49012e-08 0.5639158 0.0
-1.49012e-08 0.5639158 0.0
-1.49012e-08 0.5667862 -5.96046e-08
-2.98023e-08 0.5215318 4.47035e-08
7.45058e-09 0.5711407 -5.96046e-08
4.47035e-08 0.8381584 0.0
-8.9407e-08 1.014462 2.23517e-08
0.0 0.457502 3.72529e-08
0.0 1.224268 0.0
0.0 1.224268 0.0
-5.96046e-08 1.231375 0.0
-5.96046e-08 1.231375 0.0
-1.49012e-08 0.2278861 0.0
-2.98023e-08 0.5049366 1.19209e-07
-2.98023e-08 0.408647 -1.49012e-08
0.0 0.430671 -8.19564e-08
5.96046e-08 1.020416 5.96046e-08
-1.19209e-07 0.8121383 -5.96046e-08
0.0 1.041588 -2.98023e-08
2.38419e-07 0.8946426 4.47035e-08
-3.72529e-09 0.4193614 -4.47035e-08
5.96046e-08 0.7610958 1.19209e-07
-1.19209e-07 0.6531856 -5.96046e-08
0.0 0.421932 0.0
0.0 0.3065038 0.0
