0.0 0.0 0.0
0.0 0.0 0.0
0.0 0.6188864 0.0
0.0 0.6188864 0.0
0.0 0.6188864 0.0
0.0 0.6188864 0.0
0.0 0.6188864 0.0
0.0 0.6188864 0.0
0.0 0.6188864 0.0
0.0 0.5959916 -5.96046e-08
2.98023e-08 0.3150109 2.98023e-08
-2.98023e-08 0.3150109 2.98023e-08
0.0 0.5266199 2.98023e-08
0.0 0.5266199 2.98023e-08
0.0 0.3259962 0.0
-3.55271e-15 0.2875654 2.98023e-08
-3.55271e-15 0.2875654 2.98023e-08
-3.55271e-15 0.2875654 2.98023e-08
0.0 0.420142 -5.96046e-08
2.98023e-08 0.467858 2.98023e-08
-2.98023e-08 0.467858 2.98023e-08
0.0 0.3296571 1.49012e-08
0.0 0.3296571 1.49012e-08
4.44089e-16 0.3937699 1.21072e-08
-3.55271e-15 0.3075919 -8.9407e-08
-5.96046e-08 0.4835473 0.0
5.96046e-08 0.4835473 -5.96046e-08
0.0 0.1413557 0.0
0.0 0.2633575 0.0
0.0 0.2633575 0.0
1.42109e-14 0.3318318 -1.19209e-07
-2.98023e-08 0.2659901 -2.98023e-08
0.0 0.2659902 -2.98023e-08
-2.98023e-08 0.09880424 -1.19209e-07
2.98023e-08 0.09880424 -1.19209e-07
0.0 0.245299 0.0
0.0 0.2452989 0.0
