1.0 
1.0 
1.0 
1.0 
1.0 
1.0 
1.0 
1.0 
1.0 
1.0 
1.0 
1.0 
1.0 
1.0 
1.0 
1.0 
1.0 
1.0 
1.0 
1.0 
1.0 
1.0 
1.0 
1.0 
0.006744146 0.9932558 
1.0 
0.03635722 0.9636427 
0.04472351 0.9552764 
0.07468509 0.9253149 
0.01715171 0.9828483 
1.0 
1.0 
1.0 
1.0 
1.0 
1.0 
1.0 
1.0 
0.06885617 0.9311438 
0.01057118 0.9894289 
0.05773693 0.942263 
0.084665 0.9153349 
0.01999908 0.1252624 0.8547385 
0.02894747 0.1293087 0.8417437 
0.06191271 0.000876279 0.002367913 0.1511777 0.6256971 0.07587218 0.08209592 
0.07963865 0.1763916 0.6247031 0.05749672 0.06176984 
0.05615508 0.1489189 0.7035248 0.04218518 0.04921597 
0.04262453 0.1341127 0.7139459 0.05251157 0.05680537 
0.01227176 0.120067 0.766651 0.04740595 0.05360424 
0.01677429 0.1152984 0.7949485 0.03359633 0.03938239 
0.07853734 0.9213825 8.02626e-05 
0.08141887 0.9162256 0.002355635 
0.05528706 0.9447129 
0.03457474 0.9654253 
0.04095095 0.9590489 
0.00024938 0.9997506 
0.04910409 0.1483219 0.7696299 0.01403623 0.01890778 
0.0656414 0.1682569 0.7338241 0.01375705 0.01852023 
0.1048601 0.8639786 0.01464641 0.01651489 
0.007736086 0.000585808 0.001821875 0.1358865 0.7310212 0.05993908 0.06300926 
0.04694741 0.01114618 0.01284927 0.1461964 0.6094473 0.08333325 0.09008014 
0.0309748 0.02644771 0.02660071 0.154582 0.5725415 0.09095567 0.09789746 
0.05038547 0.04207259 0.04360115 0.151856 0.4521881 0.1233744 0.1365222 
0.06462639 0.01764726 0.02143955 0.1513401 0.5245974 0.1052016 0.1151475 
0.07984352 0.01890248 0.02622485 0.1536461 0.4579923 0.1254821 0.1379086 
0.05351197 0.0523203 0.05414777 0.1496138 0.3765988 0.1479174 0.1658898 
0.06817042 0.04199737 0.05409961 0.1350187 0.3027178 0.1862882 0.2117077 
0.09556925 0.02568882 0.04160493 0.146668 0.3261023 0.1734644 0.1909022 
0.09400665 0.02523064 0.04823875 0.1278066 0.2543044 0.2139435 0.2364693 
0.06482529 0.04026138 0.0558902 0.1201078 0.246764 0.006847381 0.2160199 0.2492839 
0.07464951 0.01723241 0.04686748 0.09666401 0.183219 0.01147991 0.2680574 0.3018302 
0.05885273 0.03231829 0.05446314 0.1016011 0.1968013 0.01963299 0.247727 0.2886033 
0.01680022 0.003085494 0.03284877 0.05734288 0.09978574 0.06334584 0.3385107 0.3882802 
0.03556424 0.02274125 0.05136924 0.09186375 0.05027395 0.3504855 0.3977019 
0.009456157 0.006372153 0.04257309 0.1400165 0.3917428 0.4098391 
0.02117413 0.1275278 0.4073519 0.4439462 
0.005557477 0.3079248 0.3930216 0.2934961 
0.2956004 0.4151552 0.2892444 
0.000789073 0.4376006 0.3615514 0.2000587 
0.01582294 0.4261541 0.3475229 0.2105 
0.003722429 0.5375604 0.3018682 0.156849 
0.02365332 0.5387172 0.2788283 0.158801 
0.9378484 0.05745279 0.004698812 
0.8065965 0.1283639 0.06503951 
0.009097695 0.7804478 0.1389237 0.07153064 
0.9324617 0.0606417 0.006896615 
1.0 
0.9996254 0.000374564 
1.0 
1.0 
1.0 
0.034074 0.965926 
0.009378552 0.1356897 0.8549317 
0.0200774 0.1266795 0.853243 
0.1033417 0.2710323 0.6251038 0.000522215 
0.07874524 0.2021036 0.7051897 0.004977107 0.008984267 
1.0 
0.001746952 0.998253 
0.1030642 0.2128669 0.5678715 0.05614864 0.06004875 
0.1333154 0.0076496 0.01360505 0.1975831 0.4285455 0.1061591 0.1131421 
0.1436493 0.2840045 0.4514177 0.05862092 0.06230741 
0.09750902 0.003702044 0.007025539 0.1758174 0.5243928 0.09213727 0.09941571 
0.04690778 0.9530922 
0.06977689 0.9302231 
0.1292005 0.8707994 
0.002138674 0.2034091 0.7944521 
0.05590736 0.3562139 0.5878787 
0.1345155 0.3896495 0.475835 
0.2574712 0.0307374 0.3053917 0.3186113 0.04125225 0.04653614 
0.2307803 0.02105778 0.3109863 0.3439043 0.04388594 0.04938524 
0.2347588 0.01928704 0.3002788 0.3205446 0.06087636 0.06425422 
0.2899237 0.0394513 0.004489362 0.2934446 0.2536035 0.05796289 0.06112462 
0.2375651 0.01866835 0.000755027 0.2913618 0.3167334 0.06565082 0.06926548 
0.1732346 0.004080533 0.3156461 0.4150499 0.04310977 0.04887902 
0.1639955 0.002141237 0.3109745 0.4242146 0.04631769 0.05235636 
0.1536336 0.332969 0.4871504 0.01112771 0.01511919 
0.1400905 0.3240717 0.5164189 0.00779289 0.01162606 
0.1744961 0.3807285 0.4447754 
0.18808 0.003114163 0.3770156 0.4297989 0.001991331 
0.2617082 0.02410477 0.405063 0.3091238 
0.2607411 0.02519559 0.3947207 0.3174936 0.001848936 
0.3242286 0.05457526 0.3500459 0.2476541 0.009924054 0.01357179 
0.3449698 0.05847787 0.3468743 0.231706 0.007232904 0.0107389 
0.3276289 0.05742919 0.3108289 0.2274672 0.03583765 0.04080814 
0.347824 0.06242579 0.000494369 0.3014255 0.20864 0.03707069 0.04211938 
0.2793623 0.0402897 0.3167741 0.2991058 0.02988535 0.03458273 
0.3021537 0.04185283 0.009148657 0.2815918 0.2377781 0.06205999 0.06541472 
0.2219883 0.01778525 0.01235151 0.2683548 0.3004016 0.08724027 0.09187823 
0.3607544 0.04757034 0.0324608 0.2038241 0.1847329 0.08315616 0.08750098 
0.4272642 0.07448905 0.3264383 0.1713388 0.00046961 
0.4208106 0.08232522 0.0151562 0.2399404 0.1457319 0.04525297 0.05078268 
0.2802856 0.0227971 0.455255 0.2416623 
0.1596822 0.01204895 0.04969388 0.1306145 0.2029886 0.2224042 0.2225675 
0.1014606 0.05075055 0.07093924 0.1139716 0.3151651 0.3477128 
0.2763349 0.01988136 0.0574727 0.1393491 0.1730794 0.1633249 0.1705575 
0.1779096 0.013839 0.0298354 0.2040551 0.2940433 0.1368872 0.1434302 
0.150344 0.01520609 0.03866803 0.1696258 0.2685185 0.1752929 0.1823446 
0.03464549 0.01000964 0.01633542 0.05875301 0.0195555 0.3958317 0.464869 
0.09511125 0.391116 0.5137728 
0.1473484 0.07549172 0.06235182 0.08601665 0.301082 0.3277093 
0.01137596 0.004158198 0.432703 0.5517628 
0.02195769 0.05697 0.441018 0.4800542 
0.1816199 0.1405144 0.03190851 0.04802387 0.289599 0.3083343 
0.4013866 0.03800505 0.09485405 0.08946073 0.08857703 0.1395313 0.1481851 
0.4723998 0.06687313 0.05747097 0.1405432 0.1089528 0.07468008 0.07907986 
0.2140655 0.348011 0.02954304 0.1974056 0.2109746 
0.04260927 0.1649495 0.07217729 0.3482973 0.3719665 
0.6300342 0.1063525 0.07684481 0.06173831 0.0381549 0.04051512 0.04636007 
0.4981496 0.05884569 0.1770689 0.03605341 0.02741616 0.09798687 0.1044791 
0.6452931 0.1963926 0.000513035 0.1009226 0.05687868 
0.6505237 0.1177831 0.1616783 0.07001501 
0.3206167 0.004554331 0.5322232 0.1426058 
0.1657943 0.5741975 0.2600082 
0.5490285 0.05028629 0.3012686 0.09941667 
0.08552598 0.6264527 0.2880213 
0.03098708 0.2291039 0.02080774 0.6076862 0.111415 
0.07776945 0.08769583 0.08769541 0.6343587 0.1124806 
0.5315524 0.4684476 
0.02271825 0.6323876 0.2236096 0.1212845 
0.6595641 0.2243718 0.1160641 
0.2505975 0.4430607 0.3063418 
0.001819908 0.5436868 0.2976647 0.1568286 
1.0 
1.0 
0.02684414 0.4267343 0.3858602 0.1605612 
0.001175522 0.1960909 0.4563647 0.3463687 
0.05487817 0.1855908 0.759531 
0.1072891 0.8927108 
1.0 
1.0 
0.1074769 0.8925231 
0.9463435 0.05365645 
0.7859517 0.1444343 0.06961399 
0.03815317 0.7267322 0.1670719 0.06804269 
0.01619279 0.9310207 0.05278646 
0.1183804 0.6391971 0.1806634 0.06175911 
0.1149499 0.8293263 0.05572372 
0.04259753 0.2722666 0.4566024 0.2285334 
0.0711255 0.37801 0.4048605 0.1460039 
0.03293734 0.02309298 0.1271087 0.4414775 0.3753833 
0.2262809 0.01956117 0.3303191 0.3643079 0.02742016 0.03211069 
0.2234266 0.01813775 0.3383275 0.3725439 0.02158606 0.02597814 
0.1937472 0.008129894 0.3382533 0.4185824 0.01849246 0.02279466 
0.20474 0.01284366 0.3226672 0.3863031 0.03416359 0.03928244 
0.2303227 0.02011865 0.3439912 0.3640794 0.01863312 0.02285474 
0.2124475 0.01280063 0.3589534 0.3925747 0.009720385 0.01350337 
0.2422833 0.02418339 0.3454794 0.3476205 0.01813006 0.02230328 
0.2484424 0.02469593 0.3631753 0.3399406 0.01000213 0.01374363 
0.254916 0.02934491 0.3388947 0.3305961 0.02097547 0.02527278 
0.2804827 0.03861612 0.3438033 0.2995769 0.01673918 0.02078157 
0.2547578 0.02992856 0.3286468 0.3289909 0.02654904 0.03112673 
0.2446714 0.02616667 0.3246781 0.3393136 0.03019499 0.03497517 
0.2337489 0.02223706 0.3262006 0.3525387 0.03023147 0.03504317 
0.233181 0.02159476 0.3369781 0.3583079 0.02275377 0.02718424 
0.235554 0.02231228 0.3387855 0.355593 0.02169245 0.02606272 
0.2400543 0.02387177 0.3392654 0.3496358 0.02141296 0.02575975 
0.2450273 0.02580839 0.3372639 0.3427804 0.022367 0.02675306 
0.2457215 0.02629899 0.3332729 0.3409747 0.02461653 0.02911531 
0.241424 0.02480453 0.331294 0.3456203 0.0261361 0.03072082 
0.2367086 0.0230875 0.3321074 0.3517687 0.02587246 0.03045523 
0.2341386 0.02210426 0.3338106 0.3557659 0.02482265 0.02935791 
0.2389051 0.02368003 0.3358724 0.3503024 0.02339452 0.0278455 
0.2396314 0.02396178 0.3354852 0.3492444 0.02360838 0.02806872 
0.2394242 0.02386099 0.3359488 0.3496482 0.02333545 0.02778226 
0.2388561 0.02368313 0.3355086 0.3502538 0.02361786 0.0280804 
0.238774 0.02364152 0.3357275 0.3504294 0.02348577 0.0279417 
0.2400235 0.02408766 0.3357502 0.3488167 0.02343565 0.02788633 
0.2402453 0.02419149 0.3353299 0.3484132 0.02367866 0.02814126 
0.2397336 0.02402019 0.3350813 0.3489895 0.02385133 0.02832388 
0.2391275 0.0237922 0.3352868 0.3498325 0.02374619 0.02821469 
0.2377159 0.02325189 0.3359659 0.3518931 0.02336061 0.02781242 
0.2382723 0.02342057 0.3364487 0.3513026 0.02306032 0.02749544 
0.2395696 0.02388226 0.3364613 0.3496005 0.02302777 0.02745848 
0.2406956 0.02430897 0.3361054 0.3480486 0.02320188 0.02763921 
0.2411226 0.02452057 0.3351162 0.347237 0.02376908 0.02823448 
0.2399151 0.02411574 0.3344875 0.3485693 0.02421087 0.0287013 
0.2387018 0.02366143 0.3348867 0.3502493 0.02400892 0.02849179 
0.2381419 0.02344244 0.3352595 0.3510985 0.0237922 0.02826523 
0.04012221 0.1452382 0.7834859 0.01316154 0.01799201 
0.01699495 0.134421 0.848584 
0.08739274 0.9126073 
0.06434845 0.9356516 
0.06273686 0.9372632 
0.05804389 0.9419561 
0.01701462 0.1143606 0.8027845 0.03010594 0.03573429 
0.08360409 0.9124906 0.000304997 0.003600299 
0.05144888 0.1454346 0.7220258 0.03723108 0.04385954 
0.03725492 0.1311018 0.7370287 0.04378145 0.0508331 
0.03172129 0.1453021 0.7899306 0.01407241 0.01897346 
0.01271504 0.1294961 0.8577888 
0.031807 0.1293641 0.7655947 0.03351503 0.03971916 
0.03860515 0.1424127 0.7579402 0.02758646 0.03345537 
0.08849775 0.902558 0.002659797 0.006284356 
0.01692873 0.1135003 0.813327 0.02542883 0.030815 
0.07230329 0.9276967 
0.07290959 0.9270903 
0.09467357 0.9053264 
0.07769387 0.9223061 
0.3913251 0.5329858 0.07568913 
0.0196945 0.2589141 0.4235861 0.2330778 0.06472742 
0.4385589 0.5614411 
0.05021673 0.09953564 0.2377005 0.4458895 0.1666574 
0.02992165 0.3765543 0.4033651 0.1901588 
0.08828157 0.1896182 0.247601 0.4070585 0.06744068 
0.4580643 0.4510945 0.08592915 0.004911959 
0.1199326 0.002518177 0.08440196 0.1425443 0.4911049 0.1594979 
0.1210545 0.01585948 0.07092899 0.4550242 0.3371328 
0.08567672 0.01918077 0.7149798 0.03537994 0.1382524 0.006530225 
0.4166367 0.06611263 0.1787894 0.1787871 0.1536538 0.006020247 
0.002162218 0.4014812 0.2810637 0.1454771 0.1698157 
0.1668569 0.5709311 0.07355105 0.09051305 0.09814774 
0.4972848 0.07616567 0.3161153 0.01134914 0.04584866 0.05323636 
0.6487113 0.1944926 0.156796 
0.930288 0.06971192 
0.2956724 0.03257668 0.00389266 0.0377025 0.3732434 0.2569124 
0.6234017 0.2101328 0.1554746 0.01099091 
0.5714794 0.2068462 0.2216743 
0.05562639 0.1849049 0.3255718 0.433897 
0.07855319 0.2786999 0.4134588 0.06064015 0.09981721 0.02520233 0.04362827 
0.1156226 0.375334 0.2213174 0.004532456 0.2212893 0.004508316 0.05739569 
0.1427696 0.6803801 0.1253637 0.007253706 0.04423272 
0.8017721 0.1513826 0.005118548 0.04172664 
0.8383892 0.1616109 
0.8696161 0.07258987 0.02825444 0.02900391 0.000535489 
0.8095669 0.07192367 0.06072992 0.00217384 0.05560564 
0.6967644 0.1860685 0.01578933 0.1013777 
0.7533392 0.0744059 0.07668632 0.09556835 
0.6555215 0.08306068 0.08611553 0.1753022 
0.009923875 0.8046209 0.1854552 
0.01839488 0.1277508 0.7696902 0.08416402 
0.06448757 0.2804199 0.0630691 0.5640685 0.02795487 
0.08215087 0.5191574 0.1349048 0.2637869 
0.5675838 0.08808732 0.08000558 0.2515499 0.01277327 
0.5101563 0.04127281 0.1544084 0.05106818 0.2430942 
0.3641016 0.04506081 0.1399822 0.03650045 0.4010077 0.01334708 
0.09797602 0.002245962 0.2564784 0.2114039 0.3984767 0.03341877 
0.1669359 0.04625141 0.1325758 0.1440404 0.4512767 0.05891978 
0.04671448 0.4215967 0.2292045 0.2207645 0.08171975 
0.237365 0.05706775 0.05565619 0.07755678 0.4325309 0.1398232 
0.02646863 0.002815008 0.1592068 0.0426135 0.001019477 0.1472954 0.1083726 0.4430114 0.06919711 
0.2867064 0.09442824 0.0879724 0.08173704 0.4256246 0.02034294 0.003188312 
0.04017555 0.08666115 0.05954128 0.192739 0.1130043 0.3704534 0.1374253 
0.367645 0.1196545 0.05902433 0.06172245 0.3451592 0.04679435 
0.09196102 0.043581 0.07239931 0.1942912 0.05596911 0.01214432 0.07396203 0.04266065 0.3376601 0.0753709 
0.05879908 0.008514523 0.06215733 0.3712827 0.1287723 0.04350489 0.02031141 0.291101 0.01555657 
0.1115457 0.05655527 0.05153876 0.1095076 0.003647685 0.01410657 0.06185048 0.08831226 0.04571634 0.3189637 0.1382554 
0.01790904 0.02630871 0.5513667 0.2146085 0.1898069 
0.2305521 0.1314488 0.2374448 0.3452194 0.009786844 0.04554784 
0.218935 0.1176725 0.249062 0.4121851 0.00214529 
0.1011568 0.05614262 0.1320244 0.6413257 0.04642546 0.02292495 
0.1395049 0.0792194 0.1602653 0.4959617 0.05625504 0.06879359 
0.2233201 0.09267693 0.4676137 0.2163892 
0.4865298 0.2210882 0.2037778 0.08860415 
0.2917262 0.09542953 0.01563113 0.4760151 0.121198 
0.5872684 0.2480729 0.1383138 0.02634489 
0.446964 0.09728813 0.05608963 0.3388277 0.06083053 
0.4611436 0.2504032 0.1304838 0.1579693 
0.4693472 0.2640919 0.1430392 0.1235216 
0.2091657 0.1075388 0.3205451 0.3627503 
0.4529846 0.2746776 0.03047686 0.0449298 0.02372992 0.04167914 0.06569033 0.06583178 
0.4678326 0.5321674 
0.4645468 0.4788453 0.02339142 0.03321641 
0.4351572 0.2516019 0.07813876 0.08784854 0.006875753 0.08357125 0.05680638 
0.382062 0.2201651 0.136182 0.1472027 0.08584171 0.02854645 
0.4441169 0.3645696 0.084347 0.09514737 0.01181894 
0.2951591 0.1831488 0.2120141 0.2272545 0.000992154 0.07723879 0.004192352 
0.003008127 0.7025952 0.00625056 0.1567242 0.007007062 0.05939334 0.06502133 
0.01348221 0.7698864 0.006521403 0.100223 0.1000726 0.004881024 0.004933297 
0.1100915 0.5142644 0.2582855 0.1173585 
0.3854143 0.01131063 0.2252496 0.08407491 0.2939505 
0.5752472 0.006766617 0.2179341 0.05606204 0.00932759 0.1346623 
0.5576625 0.4423376 
0.1030344 0.06027102 0.7047875 0.1319069 
0.1795747 0.01116043 0.1284565 0.0172885 0.6023038 0.06121593 
0.2609046 0.01221144 0.2012295 0.06452971 0.4513288 0.009795963 
0.1137371 0.05602484 0.007941722 0.05810928 0.002285182 0.05683952 0.1086171 0.08641296 0.03472805 0.2376046 0.2376993 
0.2156105 0.1043812 0.03508114 0.06067991 0.02586644 0.05908 0.07732319 0.0786302 0.1717309 0.1716163 
0.2366033 0.1181552 0.09031379 0.1142776 0.02084058 0.03923916 0.05872166 0.2121196 0.1097288 
0.1978743 0.1067437 0.1725233 0.2008939 0.02360761 0.002183675 0.03675997 0.1909236 0.06848955 
0.1361039 0.07679706 0.1850878 0.3475948 0.06707972 0.01012986 0.1570689 0.02013778 
0.09243351 0.05102372 0.1130139 0.5832356 0.08043652 0.07985675 
0.00464183 0.01193392 0.5908114 0.238714 0.1538988 
0.03993248 0.05818283 0.8047366 0.08062595 0.01652199 
0.7610778 0.03113126 0.1095484 0.0341202 0.0641222 
0.8165745 0.03068864 0.07185363 0.0715363 0.004635035 0.004711687 
0.6687582 0.03369003 0.1468609 0.02327525 0.000694566 0.126721 
0.08605074 0.01439636 0.5900084 0.3095444 
0.1583613 0.03733044 0.04223215 0.6319339 0.130142 
0.2603129 0.04911309 0.0933907 0.001429677 0.5327571 0.06299656 
0.05476564 0.003093183 0.1594315 0.7827097 
0.1078374 0.05474692 0.2282926 0.6091229 
0.3248451 0.1548939 0.04386055 0.06070792 0.03366595 0.05898636 0.03668272 0.04634785 0.1197491 0.1202603 
0.3289723 0.1613204 0.09305828 0.1086484 0.01899546 0.01608985 0.03338557 0.1501454 0.08938425 
0.2607805 0.1434292 0.1787201 0.1867971 0.008275806 0.01720738 0.144811 0.05997872 
0.1882773 0.1089891 0.2125579 0.309686 0.04219424 0.1210544 0.017241 
0.1860795 0.8139204 
0.08179301 0.9182069 
0.000701995 0.1165732 0.8827248 
0.09686106 0.1851888 0.7179501 
0.03048384 0.2633945 0.7061216 
0.07117033 0.1914443 0.7373852 
0.4594202 0.5405799 
0.4814903 0.5185096 
0.4412188 0.5587812 
0.4689496 0.4562752 0.03738123 0.03739398 
0.001520216 0.000693566 0.0150538 0.4665254 0.2332898 0.1414415 0.1414755 
0.03664803 0.03087759 0.02939748 0.1158965 0.1791632 0.09882807 0.254556 0.254633 
0.5680818 0.4319182 
0.6083858 0.3916142 
0.3548569 0.6353297 0.009813308 
0.2568193 0.7109098 0.03227084 
0.2362698 0.7087746 0.05163085 0.003324687 
0.4758168 0.470416 0.02837699 0.0253902 
0.2893673 0.6476165 0.04182541 0.02119076 
0.2460213 0.7539786 
0.2931611 0.7068389 
0.4854539 0.5089947 0.002014577 0.00353676 
0.07209926 0.8798069 0.04809373 
0.07352721 0.8769385 0.04953426 
0.9015665 0.09843349 
0.9008082 0.09919184 
0.06955194 0.8823429 0.04810506 
0.8991553 0.1008447 
0.06989204 0.8834627 0.04664516 
0.8995413 0.1004586 
0.07032203 0.8812627 0.04841524 
0.8998965 0.1001034 
0.07697916 0.8733512 0.04966962 
0.07326078 0.8775411 0.04919821 
0.9000622 0.09993779 
0.9004651 0.09953486 
0.8963593 0.1036407 
0.08556663 0.8660106 0.04842275 
0.08262872 0.8686062 0.04876506 
0.9007062 0.09929376 
0.07967054 0.8701431 0.05018627 
0.8987089 0.1012911 
0.01460367 0.9853963 
1.0 
0.01227372 0.9877262 
0.011518 0.9884819 
0.01068627 0.9893136 
0.005947351 0.9940526 
0.007598936 0.9924011 
0.006674408 0.9933256 
0.01332885 0.9866712 
0.01021462 0.9897853 
0.009208977 0.9907911 
0.7929317 0.2070683 
0.8636921 0.1363079 
0.8170467 0.1829534 
0.7696397 0.2303603 
0.2385669 0.761433 
0.7565596 0.2388702 0.004570245 
0.6428964 0.3571037 
0.5947074 0.4052926 
1.0 
1.0 
1.0 
1.0 
0.01462608 0.9853739 
0.06005221 0.9399478 
0.0909155 0.9090844 
0.1241052 0.8206017 0.02691376 0.02837932 
0.00228393 0.009832918 0.01086753 0.1494584 0.6960097 0.06449174 0.06705558 
0.02641308 0.0303179 0.0299136 0.1575644 0.5653526 0.09186148 0.0985769 
0.03311264 0.06453025 0.0622372 0.1693663 0.3772552 0.1392085 0.1542899 
0.04112571 0.06576633 0.06538903 0.1588183 0.32686 0.1601582 0.1818823 
0.03251129 0.06810909 0.07511979 0.1278424 0.2202852 0.01109057 0.2085563 0.2564851 
0.02270936 0.07080942 0.07964587 0.1212134 0.199894 0.01575946 0.216489 0.2734795 
0.02240478 0.06426411 0.07525879 0.1097401 0.1824865 0.0214129 0.2297371 0.2946954 
0.01119804 0.03141444 0.05808389 0.07199501 0.1200599 0.05108517 0.2907221 0.3654412 
0.02684652 0.02379566 0.06235486 0.0944221 0.3690391 0.4235416 
0.000329091 0.009321153 0.003200531 0.2538169 0.3965868 0.3367454 
0.01805931 0.3777231 0.3604183 0.2437992 
0.02762031 0.4984954 0.2978077 0.1760765 
0.02718323 0.7231172 0.1651217 0.08457779 
0.9050995 0.07469892 0.0202015 
0.990451 0.009548902 
1.0 
0.03284877 0.5877515 0.2447079 0.1346918 
0.06604427 0.09092563 0.07539182 0.1029556 0.006704807 0.04092973 0.2395415 0.3775064 
0.1576429 0.1834893 0.09860533 0.1071157 0.05291014 0.005635023 0.1979081 0.1966933 
0.156866 0.1971484 0.09800612 0.1029985 0.05625367 0.004137277 0.1982925 0.1862974 
0.04477721 0.08246988 0.05725985 0.07484328 0.004538059 0.05737692 0.2684743 0.4102603 
0.003957569 0.105609 0.102018 0.169633 0.2294198 0.01873135 0.1732491 0.1973819 
0.001476883 0.1111192 0.09405875 0.2015683 0.2502861 0.0197798 0.1538515 0.1678594 
0.1538656 0.1787663 0.09999132 0.1101121 0.05074101 0.006342411 0.1988098 0.2013713 
0.0191465 0.08114987 0.03680276 0.05496883 0.007619976 0.004667401 0.06854438 0.3180282 0.4090718 
0.1494233 0.2175572 0.097925 0.09674829 0.06136548 0.002851366 0.200871 0.1732581 
0.1010583 0.2821125 0.09650039 0.0814594 0.07725542 0.00088532 0.2161399 0.1445886 
0.07933646 0.01209563 0.01088744 0.0241425 0.05022072 0.08560967 0.5041758 0.2335316 
0.0673089 0.03808361 0.08172112 0.09117007 0.5749146 0.1468016 
0.06941372 0.3126813 0.09306341 0.06594747 0.1011776 0.2457347 0.1119818 
0.02952879 0.3038042 0.09406912 0.0457136 0.1560494 0.2984747 0.07235997 
0.06048053 0.0574243 0.1363339 0.09297782 0.5651806 0.08760279 
0.05068904 0.06815201 0.2094277 0.09369581 0.5193251 0.05871015 
0.3816723 0.09538108 0.02293586 0.2436633 0.005729258 0.2089726 0.04164534 
0.3573067 0.08985799 0.000939535 0.3930343 0.01433223 0.1401044 0.004424691 
0.02343177 0.07987153 0.3468089 0.09528601 0.4309788 0.02362287 
0.06265485 0.08309203 0.4676883 0.1918729 0.05588233 0.08203834 0.05677115 
0.02267616 0.06860339 0.6050334 0.1635157 0.06254315 0.05796754 0.01966053 
0.1097496 0.09489595 0.3279476 0.2243585 0.04393798 0.1081901 0.09092009 
0.1199854 0.09678161 0.2579874 0.2421315 0.03195571 0.1280403 0.123118 
0.1172254 0.09535402 0.2284746 0.2490162 0.02554142 0.1401715 0.1442167 
0.06277388 0.6792322 0.07811063 0.1798833 
0.1525121 0.06800234 0.6838867 0.01997369 0.07562518 
0.05044752 0.03918528 0.8981362 0.008834719 0.003396272 
0.979794 0.005386888 0.01481908 
0.04381197 0.7377306 0.1328631 0.06461435 0.02098 
0.8591646 0.09968763 0.0411477 
0.9714947 0.02850526 
0.9689369 0.03106313 
1.0 
0.8628036 0.04505866 0.09213763 
0.9399083 0.06009167 
0.9379151 0.06043291 0.001651942 
0.856149 0.04096031 0.1028906 
0.9254021 0.06855785 0.006040036 
0.9107646 0.07841765 0.01081758 
1.0 
1.0 
1.0 
0.01986438 0.9801356 
0.09165406 0.9083459 
0.1445381 0.8554618 
0.1786703 0.816944 0.00438565 
0.006748855 0.01500725 0.2104452 0.6868855 0.04390406 0.03700894 
0.0396164 0.03948569 0.2021774 0.5718795 0.07382535 0.07301551 
0.003749072 0.065683 0.06090581 0.2002304 0.4537059 0.000844246 0.1054077 0.1094738 
0.01001352 0.0770598 0.06976997 0.1969189 0.3816585 0.004772245 0.1256555 0.1341514 
0.01509726 0.08617722 0.07838612 0.184386 0.310436 0.007269203 0.1505565 0.1676915 
0.01807963 0.08649241 0.08237046 0.1680972 0.2635867 0.006876885 0.1732595 0.201237 
0.1244338 0.1417245 0.1135619 0.1394983 0.03363323 0.01103097 0.2012731 0.2348439 
0.06399345 0.08362627 0.08366078 0.1240077 0.001208662 0.0368632 0.2406732 0.3659667 
0.02623736 0.06533002 0.05320721 0.07664555 0.06869715 0.2862476 0.423635 
0.003738343 0.05993151 0.02617555 0.05429869 0.002456426 0.09722751 0.3289746 0.4271972 
0.05304872 0.001544952 0.01117271 0.000499076 0.03777664 0.1583783 0.376136 0.3614435 
0.02773582 0.001305401 0.06738507 0.3022977 0.3725859 0.22869 
0.007520377 0.08227777 0.4497614 0.3099511 0.1504893 
0.07425129 0.7035089 0.1558884 0.06635123 
0.06724429 0.8469952 0.07772433 0.008036077 
0.007305443 0.9926945 
1.0 
0.08397454 0.5766699 0.2350333 0.1043221 
0.1322906 0.8677095 
1.0 
0.001312255 0.9986878 
0.1420246 0.8579754 
0.1070551 0.8929449 
1.0 
0.09030795 0.9096921 
1.0 
0.08722984 0.9127701 
1.0 
0.1102273 0.8897727 
1.0 
1.0 
0.0987662 0.9012338 
0.08540099 0.9145991 
1.0 
1.0 
0.08985543 0.9101445 
1.0 
0.1047114 0.8952885 
1.0 
1.0 
1.0 
1.0 
1.0 
1.0 
1.0 
1.0 
1.0 
1.0 
1.0 
1.0 
1.0 
1.0 
1.0 
1.0 
1.0 
1.0 
0.006744146 0.9932558 
1.0 
0.03635722 0.9636427 
0.04472351 0.9552765 
0.07468515 0.9253149 
0.01715171 0.9828482 
1.0 
1.0 
1.0 
1.0 
1.0 
0.06885617 0.9311438 
0.084665 0.9153349 
0.05773693 0.942263 
0.01057118 0.9894288 
0.0199992 0.1252624 0.8547383 
0.02894759 0.1293087 0.8417437 
0.06191277 0.000876634 0.002369284 0.1511775 0.625696 0.07587224 0.0820955 
0.04262471 0.1341126 0.7139456 0.05251181 0.05680513 
0.0561552 0.1489189 0.7035246 0.04218548 0.04921561 
0.07963877 0.1763916 0.624703 0.0574969 0.0617696 
0.01227194 0.120067 0.7666509 0.04740619 0.05360382 
0.01677447 0.1152984 0.7949485 0.03359657 0.0393821 
0.07853734 0.9213826 8.00437e-05 
0.08141887 0.9162257 0.002355396 
0.05528706 0.9447128 
0.03457474 0.9654253 
0.04095095 0.9590491 
0.00024938 0.9997506 
0.04910421 0.1483219 0.7696297 0.01403647 0.0189076 
0.06564152 0.1682569 0.733824 0.01375734 0.01852005 
0.1048601 0.8639787 0.01464658 0.01651459 
0.007736325 0.000586001 0.00182265 0.1358864 0.7310205 0.0599392 0.0630089 
0.04694765 0.01114648 0.0128504 0.1461961 0.6094462 0.08333331 0.09007966 
0.03097504 0.02644795 0.02660173 0.1545818 0.5725407 0.09095579 0.09789693 
0.05038577 0.04207289 0.0436024 0.1518557 0.4521873 0.1233744 0.1365214 
0.06462651 0.01764768 0.02144104 0.1513398 0.5245963 0.1052016 0.1151468 
0.07984358 0.01890295 0.02622669 0.1536457 0.4579911 0.1254821 0.1379077 
0.05351215 0.05232065 0.05414843 0.1496137 0.3765984 0.1479176 0.1658889 
0.0681706 0.04199784 0.05410051 0.1350186 0.3027175 0.1862884 0.2117065 
0.09556931 0.02568936 0.04160732 0.1466675 0.3261013 0.1734642 0.1909008 
0.09400671 0.0252313 0.04824131 0.1278062 0.2543036 0.2139433 0.2364674 
0.06482553 0.04026186 0.05589109 0.1201077 0.2467637 0.006847798 0.21602 0.2492822 
0.07464963 0.01723301 0.04686981 0.09666377 0.1832185 0.01148039 0.268057 0.3018276 
0.05885297 0.03231883 0.05446398 0.101601 0.1968011 0.01963347 0.2477271 0.2886013 
0.01680094 0.00308603 0.03285008 0.057343 0.09978598 0.0633462 0.3385109 0.3882766 
0.03556507 0.02274304 0.0513696 0.09186393 0.05027467 0.3504854 0.3976981 
0.009457051 0.006373107 0.04257464 0.1400177 0.3917443 0.4098331 
0.02117729 0.1275299 0.4073552 0.4439374 
0.005559623 0.3079292 0.3930244 0.2934867 
0.2954336 0.4152132 0.2893532 
0.000788793 0.4375999 0.3615493 0.200062 
0.01582413 0.4261533 0.3475248 0.2104977 
0.003723144 0.5375537 0.3018709 0.1568523 
0.0236544 0.538714 0.2788307 0.1588008 
0.9378452 0.05745398 0.00470066 
0.9324598 0.06064265 0.006897449 
0.009098947 0.7804427 0.1389264 0.07153189 
0.8065178 0.1284152 0.06506687 
1.0 
0.9996247 0.000375298 
1.0 
0.034074 0.965926 
0.009378612 0.1356897 0.8549317 
0.02007746 0.1266795 0.8532429 
0.1033418 0.2710323 0.6251038 0.000522121 
0.0787453 0.2021036 0.7051895 0.004977345 0.008984088 
0.001746952 0.998253 
0.1030644 0.2128668 0.5678713 0.05614882 0.06004858 
0.1333152 0.007650315 0.01360785 0.1975823 0.4285438 0.106159 0.1131414 
0.09750896 0.00370258 0.007027626 0.175817 0.5243912 0.09213733 0.09941512 
0.1436495 0.2840045 0.4514175 0.05862116 0.06230729 
0.06977689 0.9302231 
0.002138733 0.2034091 0.7944521 
0.05590736 0.3562139 0.5878787 
0.1345155 0.3896495 0.475835 
0.2574709 0.03073841 0.3053911 0.3186107 0.04125279 0.04653602 
0.2899219 0.03945237 0.004494071 0.2934426 0.2536017 0.05796289 0.0611242 
0.2347587 0.01928806 0.3002784 0.3205441 0.0608766 0.0642541 
0.2307801 0.02105867 0.3109858 0.3439038 0.04388648 0.04938507 
0.1732345 0.004081249 0.3156456 0.4150493 0.04311025 0.04887878 
0.237564 0.01866924 0.000758826 0.2913602 0.3167316 0.06565082 0.069265 
0.1639955 0.002141892 0.3109741 0.4242141 0.04631817 0.05235612 
0.1536337 0.3329689 0.4871502 0.01112806 0.01511907 
0.1400905 0.3240715 0.5164186 0.007793247 0.01162594 
0.1744962 0.3807285 0.4447754 
0.18808 0.0031147 0.3770154 0.4297986 0.001991271 
0.2617081 0.02410548 0.4050627 0.3091236 
0.2607411 0.02519631 0.3947204 0.3174934 0.001848936 
0.3242283 0.05457574 0.3500456 0.2476539 0.00992453 0.01357179 
0.3449695 0.05847835 0.3468739 0.2317058 0.007233381 0.01073896 
0.3276284 0.05742979 0.3108284 0.2274668 0.03583824 0.04080814 
0.3478217 0.06242614 0.000499477 0.3014235 0.2086386 0.03707122 0.0421192 
0.2793619 0.04029071 0.3167735 0.2991052 0.02988582 0.03458267 
0.2219873 0.01778626 0.01235556 0.2683532 0.3003998 0.08724021 0.09187752 
0.3021518 0.04185396 0.009153604 0.2815898 0.2377765 0.06205999 0.06541424 
0.3607514 0.04757183 0.0324673 0.2038221 0.1847311 0.08315598 0.08750015 
0.4272639 0.07448953 0.3264381 0.1713387 0.000469695 
0.4208068 0.08232551 0.0151627 0.2399382 0.1457306 0.04525345 0.05078244 
0.2802855 0.0227977 0.4552547 0.2416622 
0.1596817 0.01205003 0.04969823 0.1306137 0.2029873 0.2224034 0.2225654 
0.1014609 0.05075454 0.07093894 0.1139711 0.3151645 0.34771 
0.2763339 0.01988303 0.05747586 0.1393481 0.1730782 0.1633247 0.1705561 
0.177909 0.01384001 0.02983939 0.2040539 0.2940415 0.136887 0.143429 
0.1503436 0.01520705 0.03867173 0.1696248 0.2685171 0.1752925 0.182343 
0.03464639 0.01001173 0.01633572 0.05875307 0.0195561 0.3958312 0.4648656 
0.09511125 0.3911167 0.5137721 
0.1473487 0.07549488 0.06235152 0.08601617 0.3010817 0.3277069 
0.01137679 0.004160404 0.4327028 0.55176 
0.02195906 0.05697149 0.4410184 0.4800509 
0.1816199 0.1405192 0.03190821 0.0480234 0.2895982 0.3083309 
0.4013826 0.03800803 0.09486001 0.08945941 0.08857572 0.1395307 0.1481834 
0.4723963 0.06687414 0.05747592 0.140542 0.1089519 0.07468026 0.07907938 
0.2140691 0.3480222 0.02952301 0.1974105 0.2109749 
0.04261213 0.1649507 0.07216805 0.3483061 0.3719629 
0.6300243 0.1063542 0.07685315 0.06173729 0.03815436 0.04051619 0.04636037 
0.4981402 0.05884772 0.1770803 0.03605252 0.02741557 0.09798634 0.1044772 
0.6452872 0.1963927 0.000519908 0.1009219 0.05687826 
0.6505232 0.1177836 0.1616782 0.07001495 
0.3206167 0.004554569 0.532223 0.1426057 
0.5490283 0.05028671 0.3012684 0.09941655 
0.1657943 0.5741975 0.2600082 
0.08552598 0.6264527 0.2880213 
0.03098714 0.02080863 0.2291038 0.6076856 0.1114149 
0.02271944 0.6323828 0.2236124 0.1212853 
0.6595506 0.2243795 0.1160699 
0.2505968 0.4430587 0.3063443 
0.001818716 0.5436826 0.2976652 0.1568334 
1.0 
0.00116831 0.1960892 0.4563621 0.3463803 
0.02683931 0.4267334 0.3858587 0.1605684 
0.05487692 0.1855883 0.7595347 
0.107289 0.8927111 
1.0 
0.9463204 0.05367952 
0.7859383 0.144441 0.0696206 
0.03815335 0.7267242 0.167074 0.06804829 
0.01619464 0.9310204 0.05278497 
0.1183794 0.6392036 0.180652 0.06176495 
0.1149498 0.8293305 0.05571961 
0.04258698 0.2722674 0.4565979 0.2285477 
0.07112181 0.3780128 0.4048504 0.1460149 
0.03268259 0.02307879 0.1271366 0.4415839 0.375518 
0.1937472 0.00813055 0.3382529 0.4185819 0.01849287 0.0227946 
0.2234264 0.01813858 0.3383269 0.3725434 0.02158647 0.02597808 
0.2262807 0.019562 0.3303186 0.3643075 0.02742063 0.03211057 
0.2047398 0.01284444 0.3226667 0.3863025 0.03416407 0.03928232 
0.2124474 0.01280128 0.3589529 0.3925742 0.009720802 0.01350331 
0.2303225 0.02011948 0.3439907 0.3640789 0.0186336 0.02285468 
0.2484422 0.0246967 0.3631747 0.3399401 0.01000249 0.01374357 
0.2422831 0.02418422 0.3454789 0.3476199 0.01813048 0.02230322 
0.2804824 0.03861707 0.3438028 0.2995764 0.01673966 0.02078157 
0.2549157 0.02934581 0.3388941 0.3305956 0.02097594 0.02527272 
0.2547575 0.02992945 0.3286463 0.3289904 0.02654951 0.03112667 
0.2446711 0.02616763 0.3246776 0.339313 0.03019547 0.03497511 
0.2337487 0.02223795 0.3262 0.3525382 0.03023195 0.03504312 
0.2355538 0.02231311 0.3387849 0.3555925 0.02169287 0.02606266 
0.2331808 0.02159559 0.3369777 0.3583074 0.02275419 0.02718418 
0.240054 0.02387261 0.3392649 0.3496353 0.02141344 0.02575969 
0.245027 0.02580922 0.3372634 0.3427798 0.02236747 0.026753 
0.2457212 0.02629989 0.3332723 0.3409742 0.02461701 0.02911525 
0.2414237 0.02480542 0.3312935 0.3456199 0.02613657 0.03072077 
0.2367084 0.02308833 0.3321069 0.3517683 0.02587294 0.03045511 
0.2341384 0.02210509 0.3338102 0.3557654 0.02482306 0.02935779 
0.2389049 0.02368086 0.3358719 0.3503019 0.023395 0.02784544 
0.2394239 0.02386182 0.3359483 0.3496478 0.02333587 0.0277822 
0.2396311 0.02396261 0.3354847 0.3492439 0.02360886 0.02806866 
0.2388558 0.02368396 0.3355081 0.3502534 0.02361834 0.02808028 
0.2387737 0.02364242 0.335727 0.3504289 0.02348625 0.02794164 
0.2400233 0.0240885 0.3357497 0.3488161 0.02343606 0.02788621 
0.2402451 0.02419233 0.3353294 0.3484127 0.02367907 0.0281412 
0.2397333 0.02402108 0.3350808 0.348989 0.02385181 0.02832382 
0.2391272 0.02379304 0.3352863 0.349832 0.02374666 0.02821463 
0.2382721 0.0234214 0.3364482 0.351302 0.02306073 0.02749538 
0.2377157 0.02325272 0.3359654 0.3518927 0.02336108 0.02781236 
0.2395694 0.0238831 0.3364607 0.3496 0.02302819 0.02745842 
0.2406954 0.02430981 0.336105 0.3480482 0.02320235 0.02763915 
0.2411224 0.02452141 0.3351156 0.3472365 0.02376955 0.02823442 
0.2399149 0.02411663 0.334487 0.3485688 0.02421134 0.02870124 
0.2387015 0.02366226 0.3348861 0.3502488 0.0240094 0.02849173 
0.2381417 0.02344334 0.335259 0.3510981 0.02379268 0.02826517 
0.04012238 0.1452382 0.7834858 0.01316177 0.01799178 
0.01699507 0.134421 0.8485839 
0.08739274 0.9126072 
0.06434845 0.9356515 
0.06273686 0.9372632 
0.05804389 0.9419561 
0.0170148 0.1143606 0.8027844 0.03010618 0.03573393 
0.08360409 0.9124907 0.00030513 0.00360006 
0.05144906 0.1454346 0.7220256 0.03723138 0.04385918 
0.03725516 0.1311018 0.7370285 0.04378169 0.05083268 
0.03172147 0.1453021 0.7899306 0.01407265 0.01897323 
0.01271516 0.1294961 0.8577886 
0.03180718 0.1293641 0.7655946 0.03351527 0.0397188 
0.03860533 0.1424126 0.7579401 0.02758675 0.03345507 
0.08849781 0.902558 0.002659976 0.006284117 
0.01692891 0.1135004 0.8133269 0.02542906 0.0308147 
0.07230329 0.9276967 
0.07290959 0.9270903 
0.09467357 0.9053264 
0.07769387 0.9223061 
0.01932227 0.2590175 0.4237567 0.2331383 0.06476515 
0.3913286 0.5329896 0.0756818 
0.4385591 0.5614409 
0.04984885 0.09956789 0.2377942 0.4460397 0.1667494 
0.08782762 0.1897142 0.2477229 0.4072247 0.06751048 
0.02924925 0.376821 0.4036462 0.1902834 
0.4580679 0.4510965 0.004900395 0.08593511 
0.1194496 0.0035519 0.08432978 0.1424394 0.4907589 0.1594703 
0.1207805 0.01581001 0.07092893 0.4551514 0.337329 
0.08567756 0.01916819 0.03538358 0.7149866 0.1382536 0.006530344 
0.1668634 0.5709391 0.07353132 0.09051841 0.09814774 
0.002166569 0.4014593 0.2810153 0.145537 0.1698216 
0.648681 0.1944974 0.1568216 
0.4972923 0.07617342 0.3161547 0.01128768 0.04585194 0.05323982 
0.9302872 0.06971275 
0.2947878 0.03430098 0.003769755 0.03752213 0.3728092 0.2568101 
0.05564957 0.1846109 0.3258201 0.4339193 
0.5706351 0.2075882 0.2217766 
0.621557 0.2148655 0.1523691 0.01120823 
0.07854998 0.2786204 0.09982472 0.4134428 0.06063532 0.02529782 0.04362863 
0.1426357 0.007255434 0.680355 0.1253682 0.04438543 
0.8010539 0.1512309 0.005142867 0.04257231 
0.8086621 0.07192474 0.00200051 0.06106168 0.05635088 
0.7533068 0.07420051 0.07623589 0.09625673 
0.6962831 0.1858764 0.01572322 0.1021171 
0.6561896 0.08293551 0.08584928 0.1750255 
0.01824319 0.1278026 0.7698608 0.08409333 
0.009952485 0.8045505 0.1854971 
0.0820021 0.5192106 0.1349226 0.2638646 
0.06436818 0.2805176 0.06309616 0.5642546 0.02776336 
0.5670642 0.08807426 0.08004146 0.2530059 0.01181411 
0.36164 0.04489314 0.140276 0.03706228 0.403497 0.01263141 
0.5078274 0.04102838 0.1548068 0.05139052 0.2449468 
0.1658567 0.04775387 0.132493 0.14393 0.4510026 0.05896359 
0.09705913 0.00292176 0.2565422 0.2114428 0.03341376 0.3986202 
0.04552447 0.4221141 0.229481 0.08179926 0.221081 
0.2366542 0.05822408 0.05556529 0.07744157 0.4321988 0.139916 
0.284613 0.09562557 0.08802515 0.08173805 0.003239929 0.4261329 0.02062529 
0.03042644 0.1571479 0.04338014 0.001031458 0.147282 0.1083515 0.06917929 0.4432011 
0.04277074 0.08521926 0.05945086 0.1924623 0.1128428 0.1371783 0.3700754 
0.3662847 0.1219999 0.05883109 0.06146001 0.3443902 0.04703396 
0.06220453 0.007986545 0.06160354 0.3654207 0.1286401 0.04409968 0.0208165 0.01585137 0.2933769 
0.09792673 0.043235 0.06823825 0.1908555 0.05624908 0.01216554 0.07414072 0.04284483 0.07547444 0.3388697 
0.1160317 0.05675983 0.01576232 0.04299741 0.1078132 0.004006683 0.06213027 0.08875966 0.04598748 0.1388544 0.3208968 
0.02190625 0.02760589 0.5423141 0.2132492 0.001085698 0.1938387 
0.2286909 0.1274538 0.2597561 0.3306344 0.009621381 0.04384332 
0.1427935 0.07774597 0.1722282 0.4800663 0.05821537 0.06895053 
0.1010892 0.05435281 0.1517721 0.6181892 0.05228573 0.02231091 
0.1991778 0.10596 0.3099879 0.3848742 
0.2205616 0.09121638 0.4791753 0.2090467 
0.2909732 0.09494143 0.01579588 0.4792941 0.1189952 
0.4854985 0.2203723 0.2087772 0.085352 
0.5874928 0.248124 0.1403886 0.02399468 
0.4460667 0.09720641 0.05622279 0.3405932 0.05991071 
0.2042535 0.1039507 0.3511511 0.3406445 
0.4676714 0.262587 0.1526229 0.1171187 
0.4588154 0.247719 0.1435113 0.1499541 
0.4416174 0.2515165 0.008861482 0.07227319 0.08500522 0.05687808 0.08384805 
0.4674685 0.480112 0.0225895 0.02982991 
0.3952362 0.2196513 0.128188 0.1423436 0.02850109 0.08607965 
0.3038527 0.1816412 0.2127584 0.2192274 0.001481354 0.003901898 0.07713687 
0.4470295 0.3638465 0.08633244 0.09124875 0.01154273 
0.003055632 0.7025791 0.006296038 0.05944848 0.1566824 0.006911516 0.06502658 
0.5747697 0.006790518 0.009289145 0.2181444 0.05611628 0.1348898 
0.3835412 0.01128137 0.2256934 0.08439117 0.2950928 
0.1097908 0.514338 0.2583249 0.1175462 
0.1028093 0.06039339 0.7052847 0.1315124 
0.5570605 0.4429395 
0.2607604 0.01216113 0.2016558 0.06459528 0.4514791 0.009348273 
0.179196 0.01108705 0.1286714 0.01740533 0.6027635 0.06087654 
0.2464604 0.1182312 0.000783961 0.02297216 0.08052045 0.1115531 0.03877407 0.05864208 0.1094268 0.2126355 
0.1439678 0.07587689 0.1861348 0.3382433 0.06761282 0.01027208 0.02030646 0.1575857 
0.2186697 0.1066142 0.1551758 0.1961037 0.0248335 0.002086699 0.03665977 0.06844645 0.1914099 
0.09641617 0.05023568 0.1212356 0.5687131 0.08306097 0.08033829 
0.007902681 0.0133723 0.5824116 0.2373924 0.1589208 
0.04690837 0.000320609 0.06818968 0.7814175 0.08573305 0.01743072 
0.7611448 0.03122466 0.03429579 0.1093428 0.06399178 
0.6688236 0.03376352 0.000567834 0.1471807 0.02320563 0.1264585 
0.1580113 0.03707164 0.04262584 0.6332422 0.129049 
0.08611977 0.01410901 0.5890915 0.3106796 
0.2595692 0.04903972 0.09366935 0.001637578 0.5336272 0.06245684 
0.05120313 0.1645358 0.784261 
0.1021442 0.05069094 0.2396203 0.6075446 
0.338513 0.1605766 0.002854943 0.02108752 0.0816245 0.1050904 0.01666033 0.03374087 0.08953106 0.1503207 
0.2972445 0.1428048 0.1473196 0.1813088 0.008334279 0.01743394 0.06007748 0.1454763 
0.2021647 0.1086404 0.205074 0.3013775 0.04457449 0.01684522 0.1213235 
0.1860793 0.8139206 
0.08179175 0.9182083 
0.000695447 0.1165658 0.8827388 
0.09667253 0.1852337 0.7180936 
0.03027945 0.2634332 0.7062874 
0.07105225 0.1915304 0.7374173 
0.4594348 0.5405651 
0.481491 0.5185091 
0.5680778 0.4319223 
0.3544824 0.6347519 0.01076561 
0.2562575 0.7096821 0.03406035 
0.2361978 0.7091311 0.05370837 0.000962764 
0.2887654 0.646597 0.04698699 0.01765054 
0.475216 0.4695414 0.03361272 0.02162981 
0.2933387 0.7066614 
0.4858323 0.508829 0.004381537 0.000957231 
0.0720992 0.879807 0.04809373 
0.9008081 0.0991919 
0.06955188 0.882343 0.04810506 
0.8991552 0.1008448 
0.06989198 0.8834629 0.04664516 
0.8995413 0.1004588 
0.07032191 0.8812628 0.04841524 
0.8998963 0.1001037 
0.900062 0.09993803 
0.07326066 0.8775411 0.04919826 
0.07697904 0.8733513 0.04966962 
0.9004649 0.09953504 
0.9007061 0.09929382 
0.08262872 0.8686062 0.04876506 
0.8987088 0.1012912 
0.07967042 0.8701432 0.05018627 
0.01460367 0.9853963 
0.011518 0.9884819 
0.01068627 0.9893136 
0.005947351 0.9940526 
0.007598936 0.9924011 
0.006674408 0.9933256 
0.01021462 0.9897853 
0.009208977 0.9907911 
0.7929315 0.2070685 
0.8636919 0.1363082 
0.8170452 0.1829547 
0.7696344 0.2303656 
0.2385655 0.7614345 
0.7565333 0.2388712 0.004595577 
0.6428544 0.3571457 
0.5947071 0.4052929 
1.0 
1.0 
1.0 
0.06005221 0.9399478 
0.01462608 0.9853739 
0.0909155 0.9090844 
0.002284169 0.009833097 0.01086819 0.1494583 0.696009 0.0644918 0.06705528 
0.1241052 0.8206018 0.02691394 0.02837902 
0.02641332 0.03031814 0.02991455 0.1575642 0.5653517 0.09186154 0.09857636 
0.033113 0.06453031 0.06223773 0.1693663 0.3772549 0.1392086 0.1542891 
0.04112607 0.06576645 0.06538963 0.1588182 0.3268598 0.1601583 0.1818813 
0.03251177 0.06810921 0.07512038 0.1278424 0.2202851 0.01109087 0.2085565 0.2564836 
0.02270984 0.07080954 0.07964634 0.1212134 0.1998939 0.01575976 0.2164891 0.273478 
0.02240526 0.06426429 0.07525932 0.1097401 0.1824865 0.0214132 0.2297374 0.294694 
0.01119852 0.0314148 0.05808442 0.07199513 0.1200601 0.05108565 0.2907224 0.3654388 
0.02684742 0.02379637 0.06235539 0.09442281 0.3690402 0.4235377 
0.000329464 0.009322285 0.003201842 0.2538194 0.3965889 0.3367381 
0.01806074 0.3777241 0.3604206 0.2437946 
0.02762144 0.4984934 0.2978098 0.1760752 
0.9050978 0.07469993 0.02020227 
0.0271843 0.7231134 0.1651238 0.08457845 
0.9904503 0.009549677 
0.0328499 0.5877481 0.2447102 0.1346917 
0.06604439 0.09092593 0.07539188 0.1029558 0.006704926 0.04092991 0.2395418 0.3775053 
0.04477739 0.08247017 0.05725997 0.07484346 0.004538178 0.05737704 0.2684746 0.4102591 
0.156866 0.1971486 0.09800618 0.1029986 0.05625373 0.004137337 0.1982927 0.1862967 
0.1576429 0.1834895 0.09860539 0.1071158 0.0529102 0.005635142 0.1979082 0.1966926 
0.001477122 0.1111193 0.0940591 0.2015683 0.2502861 0.0197798 0.1538516 0.1678586 
0.003957867 0.1056091 0.1020184 0.169633 0.2294198 0.01873141 0.1732493 0.197381 
0.1538657 0.1787665 0.09999138 0.1101121 0.05074107 0.00634253 0.1988099 0.2013706 
0.01914668 0.08115011 0.03680294 0.05496895 0.007620096 0.00466758 0.06854444 0.3180285 0.4090704 
0.07933658 0.01209574 0.01088762 0.02414262 0.0502209 0.08560961 0.5041761 0.2335306 
0.1010583 0.2821127 0.09650045 0.08145946 0.07725548 0.000885356 0.2161401 0.1445881 
0.1494234 0.2175574 0.09792506 0.09674835 0.06136554 0.002851426 0.2008711 0.1732574 
0.06730896 0.03808373 0.08172124 0.09116995 0.5749151 0.1468009 
0.06048059 0.05742436 0.1363341 0.09297758 0.565181 0.08760225 
0.02952885 0.3038043 0.09406912 0.04571366 0.1560495 0.2984747 0.07235968 
0.06941378 0.3126814 0.09306347 0.06594753 0.1011776 0.2457348 0.1119813 
0.05068904 0.06815207 0.2094278 0.09369558 0.5193254 0.05870985 
0.02343177 0.07987165 0.3468091 0.09528583 0.4309791 0.02362239 
0.3573068 0.08985805 0.000939564 0.3930343 0.01433223 0.1401045 0.004424393 
0.3816725 0.09538114 0.02293592 0.2436633 0.005729317 0.2089728 0.04164493 
0.06265491 0.08309215 0.4676882 0.1918729 0.05588233 0.0820384 0.05677092 
0.02267622 0.06860345 0.6050334 0.1635157 0.06254315 0.0579676 0.01966023 
0.1097497 0.09489613 0.3279476 0.2243585 0.04393798 0.1081902 0.09091973 
0.1199854 0.0967819 0.2579874 0.2421316 0.03195571 0.1280404 0.1231175 
0.1172255 0.09535431 0.2284747 0.2490162 0.02554142 0.1401717 0.1442161 
0.06277388 0.6792322 0.07811051 0.1798833 
0.979794 0.005386829 0.01481914 
0.05044746 0.03918528 0.8981361 0.008834719 0.003396332 
0.1525121 0.06800234 0.6838866 0.01997369 0.07562518 
0.04381203 0.7377304 0.1328631 0.06461435 0.02098006 
0.8591646 0.09968763 0.0411477 
0.9714947 0.02850526 
0.9399083 0.06009167 
0.8628036 0.04505866 0.09213763 
0.9254021 0.06855785 0.006040036 
0.9107646 0.07841765 0.01081758 
1.0 
0.01986438 0.9801356 
1.0 
0.1445381 0.8554618 
0.09165406 0.9083459 
0.1786703 0.816944 0.004385709 
0.03961652 0.03948622 0.2021774 0.5718793 0.07382541 0.07301521 
0.006748974 0.01500761 0.2104452 0.6868854 0.04390418 0.03700852 
0.00374931 0.06568306 0.06090617 0.2002303 0.4537056 0.000844274 0.1054078 0.1094732 
0.01001381 0.07705992 0.06977033 0.1969188 0.3816583 0.004772245 0.1256557 0.1341508 
0.01509761 0.08617728 0.07838654 0.184386 0.3104358 0.007269263 0.1505566 0.1676906 
0.01807999 0.08649247 0.08237093 0.1680972 0.2635866 0.006876945 0.1732597 0.201236 
0.1244339 0.1417248 0.113562 0.1394984 0.03363329 0.01103115 0.2012733 0.234843 
0.06399357 0.08362662 0.0836609 0.1240078 0.001208722 0.03686344 0.2406734 0.3659653 
0.02623766 0.06533032 0.05320751 0.07664579 0.06869739 0.286248 0.4236332 
0.003738641 0.05993175 0.02617591 0.05429917 0.002456665 0.09722763 0.3289751 0.427195 
0.05304896 0.00154525 0.01117312 0.000499301 0.037777 0.1583781 0.3761364 0.3614416 
0.02773588 0.001305699 0.06738549 0.3022974 0.3725872 0.2286882 
0.007520258 0.08227825 0.4497606 0.3099524 0.1504884 
0.06724441 0.846995 0.07772469 0.008035838 
0.07425159 0.7035081 0.1558892 0.06635099 
0.007305502 0.9926945 
0.08397489 0.5766689 0.2350344 0.1043217 
1.0 
0.1322816 0.8677184 
1.0 
0.1070343 0.8929657 
1.0 
0.09027034 0.9097296 
1.0 
0.08717519 0.9128248 
1.0 
1.0 
0.1102096 0.8897904 
0.0987156 0.9012843 
1.0 
0.08987355 0.9101265 
1.0 
0.1047296 0.8952704 
0.0182482 0.9817517 
0.02636432 0.9736357 
0.140477 0.859523 
0.08740276 0.9125972 
1.0 
1.0 
1.0 
0.05781185 0.9421881 
0.1112024 0.8887975 
0.1592885 0.8407115 
0.4673479 0.532652 
0.4167464 0.5832536 
0.05095434 0.1525301 0.7965154 
0.05616205 0.1156843 0.8281536 
0.09627145 0.9037285 
0.03775805 0.9622419 
0.06184464 0.9381554 
0.3593682 0.6406317 
0.1205114 0.8794887 
0.2163092 0.7836908 
0.09811079 0.9018892 
0.0499196 0.9500804 
1.0 
0.03153347 0.9684665 
1.0 
1.0 
1.0 
1.0 
1.0 
1.0 
1.0 
1.0 
1.0 
1.0 
1.0 
1.0 
1.0 
1.0 
1.0 
1.0 
1.0 
1.0 
1.0 
1.0 
1.0 
1.0 
1.0 
1.0 
1.0 
1.0 
1.0 
1.0 
1.0 
1.0 
1.0 
1.0 
1.0 
1.0 
1.0 
1.0 
1.0 
1.0 
1.0 
1.0 
1.0 
1.0 
1.0 
1.0 
1.0 
1.0 
1.0 
1.0 
1.0 
1.0 
1.0 
1.0 
1.0 
1.0 
1.0 
1.0 
1.0 
1.0 
1.0 
1.0 
1.0 
1.0 
1.0 
1.0 
1.0 
1.0 
1.0 
1.0 
1.0 
1.0 
1.0 
1.0 
1.0 
1.0 
1.0 
1.0 
1.0 
1.0 
1.0 
1.0 
1.0 
1.0 
1.0 
1.0 
1.0 
1.0 
1.0 
1.0 
1.0 
1.0 
1.0 
1.0 
1.0 
1.0 
1.0 
1.0 
1.0 
1.0 
1.0 
1.0 
1.0 
1.0 
1.0 
1.0 
1.0 
1.0 
1.0 
1.0 
1.0 
1.0 
1.0 
1.0 
1.0 
1.0 
1.0 
1.0 
1.0 
1.0 
1.0 
1.0 
1.0 
1.0 
1.0 
1.0 
1.0 
1.0 
1.0 
1.0 
1.0 
1.0 
1.0 
1.0 
1.0 
1.0 
1.0 
1.0 
1.0 
1.0 
1.0 
1.0 
1.0 
1.0 
1.0 
1.0 
1.0 
1.0 
1.0 
1.0 
1.0 
1.0 
1.0 
1.0 
1.0 
1.0 
1.0 
1.0 
1.0 
1.0 
1.0 
1.0 
1.0 
1.0 
1.0 
1.0 
1.0 
1.0 
1.0 
1.0 
1.0 
1.0 
1.0 
1.0 
1.0 
1.0 
1.0 
1.0 
1.0 
1.0 
1.0 
1.0 
1.0 
1.0 
1.0 
1.0 
1.0 
1.0 
1.0 
1.0 
1.0 
1.0 
1.0 
1.0 
1.0 
1.0 
1.0 
1.0 
1.0 
1.0 
1.0 
1.0 
1.0 
1.0 
1.0 
0.1627139 0.8372861 
0.2172536 0.7827464 
1.0 
0.114798 0.8852021 
0.1197596 0.8802403 
1.0 
1.0 
0.1343413 0.8656587 
1.0 
0.262394 0.737606 
1.0 
1.0 
0.1532723 0.8467277 
0.21175 0.78825 
1.0 
0.7715708 0.2284293 
0.7754642 0.2245358 
0.4865375 0.5134626 
0.5085574 0.4914426 
0.7654591 0.2345409 
0.7039262 0.2960739 
0.4992176 0.5007824 
0.6552171 0.344783 
0.906199 0.09380102 
0.9459662 0.05403369 
0.5747424 0.4252576 
0.6068458 0.3931542 
0.9181032 0.08189678 
0.8559044 0.1440956 
0.6149492 0.3850508 
0.8822557 0.1177442 
0.8373367 0.1626633 
0.8680627 0.1319373 
0.8591907 0.1408093 
1.0 
1.0 
1.0 
1.0 
1.0 
1.0 
1.0 
1.0 
1.0 
1.0 
1.0 
1.0 
1.0 
1.0 
1.0 
1.0 
1.0 
1.0 
0.9300137 0.06998628 
0.9427116 0.05728834 
0.9855188 0.01448118 
1.0 
0.9375109 0.06248903 
0.9706357 0.02936428 
1.0 
1.0 
1.0 
0.02190673 0.9780933 
1.0 
1.0 
0.1508008 0.8491991 
0.0843048 0.9156951 
0.09356546 0.9064345 
0.1393855 0.8606145 
0.07209008 0.92791 
0.07543778 0.9245623 
0.08464431 0.9153557 
0.09600615 0.9039938 
0.07714372 0.9228563 
0.09060758 0.9093924 
0.07402455 0.9259755 
0.0676468 0.9323532 
0.03406101 0.9659389 
0.06018382 0.9398162 
0.05233919 0.9476607 
0.07017266 0.9298272 
0.01201933 0.9879806 
0.122446 0.8775539 
0.1920393 0.8079606 
0.07081991 0.92918 
0.4124261 0.587574 
0.4772229 0.5227772 
0.4531704 0.5468297 
0.5098045 0.4901955 
0.2142715 0.7857285 
0.3209787 0.6790212 
0.06459683 0.9354032 
0.2833228 0.7166772 
0.34625 0.65375 
0.5468662 0.4531338 
0.8328537 0.1671463 
0.773642 0.226358 
0.2915914 0.7084086 
0.5784731 0.4215269 
1.0 
0.09411942 0.9058805 
0.05746692 0.9425331 
1.0 
0.7575798 0.2424202 
0.7210952 0.2789047 
0.8149705 0.1850295 
0.7634133 0.2365866 
0.9278698 0.07213014 
0.9064103 0.09358966 
0.9173663 0.08263373 
0.9729973 0.02700263 
0.9530199 0.04698014 
0.01280134 0.9871986 
0.04397809 0.9488325 0.007189333 
0.8863293 0.1136707 
0.07248687 0.9275131 
0.04059636 0.9594036 
0.2986446 0.7013555 
0.7156349 0.2843651 
0.5781677 0.4218323 
0.4283012 0.5716987 
1.0 
1.0 
1.0 
1.0 
0.818499 0.181501 
1.0 
0.9159461 0.08405381 
0.9564658 0.04353404 
0.08696204 0.9130378 
0.001456856 0.9985431 
0.09345901 0.906541 
0.07151597 0.928484 
1.0 
1.0 
1.0 
0.2182145 0.7817855 
0.2091867 0.7908133 
0.1577305 0.8422695 
0.1478443 0.8521557 
0.136972 0.863028 
0.1330234 0.8669767 
0.1623638 0.8376362 
0.1475471 0.8524529 
0.138933 0.8610669 
0.1384012 0.8615989 
0.1683197 0.8316804 
0.1277958 0.8722041 
0.1204484 0.8795516 
0.1205015 0.8794985 
0.1089369 0.8910631 
0.1028341 0.897166 
0.1438286 0.8561714 
0.2635333 0.7364667 
0.1902704 0.8097295 
0.1321616 0.8678384 
0.4748262 0.5251739 
0.4023312 0.5976688 
0.284813 0.715187 
0.3974857 0.6025143 
0.3468841 0.6531159 
0.5528461 0.4471539 
0.3578348 0.6421653 
0.702082 0.297918 
0.7887281 0.2112718 
0.05986803 0.940132 
0.1535031 0.8464968 
0.05465805 0.945342 
0.7337359 0.2662641 
0.7230957 0.2769043 
0.7570664 0.2429335 
0.8424391 0.1575609 
0.8952777 0.1047223 
0.8690863 0.1309137 
0.9032727 0.09672725 
0.9351631 0.06483691 
0.05553835 0.9228602 0.02160131 
0.07866734 0.9085017 0.01283091 
0.09406989 0.9059301 
0.4792735 0.4722459 0.04848057 
0.3244897 0.6654765 0.01003384 
0.9516745 0.02648097 0.01253169 0.009312808 
0.07290917 0.8142146 0.05438125 0.05849492 
0.7533181 0.03722339 0.1057411 0.1037174 
0.7956181 0.0889911 0.06631082 0.04907989 
0.004414618 0.9955853 
0.002815067 0.9751627 0.02202218 
0.1100086 0.8899914 
0.1224105 0.8775895 
0.007552623 0.9255403 0.0669071 
0.05606609 0.938413 0.00552082 
0.2385671 0.5587625 0.0947529 0.1079174 
0.001905679 0.6343154 0.176294 0.1874848 
0.4606206 0.5393794 
0.5062586 0.4937413 
0.02026003 0.1216517 0.8580883 
0.1575022 0.8424977 
0.1156576 0.8843424 
0.3141279 0.6858721 
0.642278 0.3577221 
0.7600703 0.2399297 
0.1738406 0.8261595 
0.3642611 0.6357389 
0.5826635 0.4173365 
0.1522299 0.84777 
0.3475576 0.6524425 
0.2394735 0.7605265 
0.5496207 0.3874148 0.06296455 
0.5863692 0.4136308 
0.8783326 0.1216674 
0.7616517 0.218265 0.0200833 
0.8557037 0.1442964 
0.9062337 0.09376639 
0.8012986 0.1987014 
0.5670393 0.3564255 0.07653522 
0.5965806 0.3160707 0.08734863 
0.769288 0.2307121 
1.0 
1.0 
1.0 
0.04664742 0.9533526 
1.0 
0.07531923 0.9246807 
1.0 
0.1046378 0.8953623 
1.0 
0.07395166 0.9260483 
1.0 
0.0519064 0.9480936 
1.0 
1.0 
1.0 
1.0 
1.0 
1.0 
1.0 
1.0 
1.0 
1.0 
1.0 
1.0 
0.5122613 0.4877387 
0.5570241 0.4429759 
0.8544383 0.1455617 
0.866916 0.1330841 
0.5992046 0.4007954 
0.8683362 0.1316638 
0.6614018 0.3385982 
0.8885039 0.1114962 
0.7388354 0.2611646 
0.9053599 0.09464013 
0.7849516 0.2150484 
0.9248544 0.07514566 
0.8356721 0.1643279 
0.9396398 0.06036025 
0.5056043 0.4943957 
0.8955677 0.1044324 
0.2462007 0.7537993 
0.2846571 0.7153429 
0.2804675 0.7195325 
0.2578192 0.7421808 
0.336573 0.6634269 
0.3351062 0.6648938 
0.4091349 0.5908652 
0.4319264 0.5680736 
0.5043061 0.495694 
0.4948946 0.5051053 
0.5646301 0.4353699 
0.5699313 0.4300687 
0.5963616 0.4036384 
0.635466 0.3645339 
0.6117649 0.388235 
0.6273381 0.3726619 
0.6402546 0.3597453 
0.6400288 0.3599712 
0.6082165 0.3917834 
0.6523415 0.3476585 
0.6519374 0.3480626 
0.6084898 0.3915103 
0.6520346 0.3479653 
0.6100301 0.3899699 
0.6520952 0.3479048 
0.611451 0.388549 
0.6143627 0.3856374 
0.6528654 0.3471346 
0.6177812 0.3822188 
0.6534308 0.3465692 
0.6204984 0.3795017 
0.6538206 0.3461794 
0.6230891 0.3769109 
0.6542627 0.3457373 
0.5349646 0.4650355 
0.5419555 0.4580444 
0.5595931 0.4404069 
0.580904 0.4190961 
0.5947139 0.4052862 
0.5974609 0.4025391 
0.6014775 0.3985226 
0.6061052 0.3938947 
0.6638056 0.3361943 
0.6636909 0.3363091 
0.6636929 0.3363071 
0.6636036 0.3363965 
0.6637123 0.3362877 
0.6637346 0.3362654 
0.6638037 0.3361963 
0.6636355 0.3363645 
0.6638482 0.3361518 
0.6637448 0.3362552 
0.6637398 0.3362602 
0.6638307 0.3361693 
0.6637274 0.3362727 
0.6637231 0.336277 
0.663698 0.336302 
0.663621 0.336379 
0.3755804 0.6244197 
0.3887612 0.6112388 
0.3171515 0.6828485 
0.306465 0.693535 
0.2686006 0.7313994 
0.233419 0.766581 
0.2421997 0.7578002 
0.2271495 0.7728505 
0.7453408 0.2546592 
0.7918058 0.2081941 
0.6878079 0.3121922 
0.7286279 0.2713721 
0.8286141 0.171386 
0.751024 0.2489759 
0.8504045 0.1495955 
0.7780016 0.2219985 
0.8503999 0.1496 
0.8179438 0.1820562 
0.7582303 0.2417697 
0.8054212 0.1945788 
0.8006349 0.1993651 
0.7509819 0.249018 
0.7438247 0.2561753 
0.7979478 0.2020522 
0.8332776 0.1667224 
0.8253355 0.1746644 
0.800592 0.199408 
0.8041023 0.1958977 
0.8085082 0.1914917 
0.8421078 0.1578921 
0.8122916 0.1877084 
0.8499106 0.1500894 
0.000341176 0.8158063 0.1838524 
0.8584932 0.1415068 
0.7635849 0.236415 
0.001184821 0.8076063 0.1912088 
0.9401674 0.05983263 
0.7608945 0.2391054 
0.7545154 0.2454846 
0.9108418 0.08915811 
0.8790808 0.1209192 
0.7440534 0.2559466 
0.9180364 0.08196359 
0.875272 0.124728 
0.8288136 0.1711864 
0.841202 0.158798 
0.8539965 0.1460035 
0.9266196 0.07338035 
0.8643764 0.1356236 
0.9149201 0.0850799 
0.8781487 0.1218514 
0.8934524 0.1065476 
0.9844212 0.01557874 
0.7690691 0.2309309 
0.805086 0.194914 
0.8031044 0.1968955 
0.8013524 0.1986476 
0.7953692 0.2046308 
0.8063036 0.1936963 
0.808259 0.191741 
0.8027303 0.1972696 
6.12169e-06 0.8099973 0.1899966 
0.8038427 0.1961573 
0.8076043 0.1923958 
0.2238388 0.7761612 
0.2139836 0.7860164 
0.2124505 0.7875496 
0.2375044 0.7624955 
0.2210483 0.7789517 
0.2682456 0.7317544 
0.6882123 0.3117877 
0.7030353 0.2969648 
0.7134229 0.2865771 
0.7352862 0.2647138 
0.672497 0.3275029 
0.7160072 0.2839929 
0.7139168 0.2860832 
0.6688541 0.3311459 
0.7128903 0.2871096 
0.6663414 0.3336586 
0.7115966 0.2884034 
0.663666 0.336334 
0.7184467 0.2815533 
0.7139467 0.2860533 
0.7129825 0.2870175 
0.7143031 0.285697 
0.7242438 0.2757562 
0.7160585 0.2839415 
0.7175598 0.2824403 
0.7292814 0.2707187 
0.719079 0.2809209 
0.7342091 0.2657909 
0.6742469 0.3257532 
0.7173041 0.2826958 
0.5987419 0.4012581 
0.5938626 0.4061374 
0.5919595 0.4080405 
0.5852792 0.4147208 
0.7087312 0.2912688 
0.7015686 0.2984314 
0.7142512 0.2857488 
0.7177478 0.2822522 
0.724345 0.275655 
0.600785 0.3992149 
0.7158675 0.2841326 
0.7149447 0.2850553 
0.7144764 0.2855235 
0.7154338 0.2845662 
0.7151715 0.2848285 
0.7166889 0.2833111 
0.7141706 0.2858294 
0.7135197 0.2864803 
0.716148 0.2838521 
0.6591481 0.3408519 
0.626914 0.373086 
0.5887265 0.4112735 
0.693798 0.306202 
0.3979546 0.6020454 
0.417962 0.5820379 
0.3977856 0.6022145 
0.5847364 0.4152636 
0.2920673 0.7079327 
0.2976163 0.7023838 
0.2673968 0.7326032 
0.2647703 0.7352297 
0.422947 0.577053 
0.3392145 0.6607854 
0.3158836 0.6841164 
0.3045239 0.6954761 
0.3422781 0.6577219 
0.3362344 0.6637656 
0.4861887 0.5138114 
0.330922 0.6690781 
0.3166528 0.6833472 
0.2958061 0.704194 
0.2977635 0.7022365 
0.3003698 0.6996302 
0.4426617 0.5573383 
0.3121898 0.6878102 
0.6638565 0.3361436 
0.5149841 0.4850158 
0.5004436 0.4995565 
0.5024371 0.4975628 
0.5062139 0.493786 
0.6591829 0.3408172 
0.6222413 0.3777586 
0.630001 0.3699991 
0.65527 0.34473 
0.6935864 0.3064137 
0.7356841 0.2643159 
0.2204536 0.7795463 
0.5234867 0.4765132 
0.4592042 0.5407959 
0.6639195 0.3360806 
0.6248752 0.3751248 
0.6545849 0.3454151 
0.6092074 0.3907926 
0.7377069 0.2622931 
0.7350838 0.2649162 
0.8241008 0.1758992 
0.9961547 0.003845214 
1.0 
1.0 
0.5225404 0.4774597 
0.9138208 0.08617925 
0.4218128 0.5781872 
0.6472629 0.3527371 
0.578971 0.421029 
0.6760222 0.3239778 
0.676694 0.323306 
0.5200645 0.4799355 
0.2755189 0.7244812 
0.6769964 0.3230037 
0.6596679 0.340332 
0.6402686 0.3597314 
0.6187157 0.3812843 
0.6503823 0.3496177 
0.7399545 0.2600454 
0.8092033 0.1907966 
0.7788267 0.2211734 
0.7771505 0.2228494 
0.7508789 0.2491211 
0.7481179 0.251882 
0.2266352 0.7733647 
0.5685372 0.4314628 
0.6292953 0.3707047 
0.6820107 0.3179892 
0.7463164 0.2536836 
1.0 
0.8567339 0.143266 
0.9730397 0.02696019 
0.9471555 0.05284452 
0.03931903 0.9262852 0.03439569 
0.5192738 0.4807261 
1.0 
0.9226706 0.07732933 
0.877336 0.122664 
0.0509634 0.8865053 0.06253141 
0.09420877 0.8552083 0.05058276 
0.09219557 0.8611149 0.04668951 
0.09529095 0.8530747 0.05163431 
0.4332448 0.5667552 
0.444162 0.555838 
0.01824939 0.9817506 
0.08740353 0.9125965 
0.1404792 0.8595208 
0.02636885 0.9736311 
1.0 
1.0 
0.05781894 0.9421811 
1.0 
0.1112104 0.8887895 
0.4673486 0.5326514 
0.1592884 0.8407116 
0.4167582 0.5832418 
0.05078518 0.1526021 0.7966126 
0.05604887 0.1157043 0.8282468 
0.09626501 0.903735 
0.03775161 0.9622483 
0.06184381 0.9381562 
0.3593695 0.6406306 
0.1205117 0.8794883 
0.2163218 0.7836782 
0.09813123 0.9018687 
0.04992979 0.9500702 
1.0 
0.03153318 0.9684668 
1.0 
1.0 
1.0 
1.0 
1.0 
1.0 
1.0 
1.0 
1.0 
1.0 
1.0 
1.0 
1.0 
1.0 
1.0 
1.0 
1.0 
1.0 
1.0 
1.0 
1.0 
1.0 
1.0 
1.0 
1.0 
1.0 
1.0 
1.0 
1.0 
1.0 
1.0 
1.0 
1.0 
1.0 
1.0 
1.0 
1.0 
1.0 
1.0 
1.0 
1.0 
1.0 
1.0 
1.0 
1.0 
1.0 
1.0 
1.0 
1.0 
1.0 
1.0 
1.0 
1.0 
1.0 
1.0 
1.0 
1.0 
1.0 
1.0 
1.0 
1.0 
1.0 
1.0 
1.0 
1.0 
1.0 
1.0 
1.0 
1.0 
1.0 
1.0 
1.0 
1.0 
1.0 
1.0 
1.0 
1.0 
1.0 
1.0 
1.0 
1.0 
1.0 
1.0 
1.0 
1.0 
1.0 
1.0 
1.0 
1.0 
1.0 
1.0 
1.0 
1.0 
1.0 
1.0 
1.0 
1.0 
1.0 
1.0 
1.0 
1.0 
1.0 
1.0 
1.0 
1.0 
1.0 
1.0 
1.0 
1.0 
1.0 
1.0 
1.0 
1.0 
1.0 
1.0 
1.0 
1.0 
1.0 
1.0 
1.0 
1.0 
1.0 
1.0 
1.0 
1.0 
1.0 
1.0 
1.0 
1.0 
1.0 
1.0 
1.0 
1.0 
1.0 
1.0 
1.0 
1.0 
1.0 
1.0 
1.0 
1.0 
1.0 
1.0 
1.0 
1.0 
1.0 
1.0 
1.0 
1.0 
1.0 
1.0 
1.0 
1.0 
1.0 
1.0 
1.0 
1.0 
1.0 
1.0 
1.0 
1.0 
1.0 
1.0 
1.0 
1.0 
1.0 
1.0 
1.0 
1.0 
1.0 
1.0 
1.0 
1.0 
1.0 
1.0 
1.0 
1.0 
1.0 
1.0 
1.0 
1.0 
1.0 
1.0 
1.0 
1.0 
1.0 
1.0 
1.0 
1.0 
1.0 
1.0 
1.0 
1.0 
1.0 
1.0 
1.0 
1.0 
1.0 
1.0 
1.0 
1.0 
1.0 
1.0 
1.0 
0.2172536 0.7827464 
0.1627139 0.8372861 
0.114798 0.8852021 
1.0 
1.0 
0.1197596 0.8802403 
1.0 
0.1343413 0.8656587 
1.0 
0.262394 0.7376059 
1.0 
0.1532723 0.8467277 
1.0 
0.21175 0.78825 
0.7754642 0.2245358 
0.7715708 0.2284293 
0.5085574 0.4914426 
0.4865375 0.5134626 
0.7654591 0.2345409 
0.7039262 0.2960739 
0.4992176 0.5007824 
0.6552171 0.344783 
0.9459662 0.05403369 
0.906199 0.09380102 
0.5747424 0.4252576 
0.6068458 0.3931542 
0.9181032 0.08189678 
0.8559044 0.1440956 
0.6149492 0.3850508 
0.8822557 0.1177442 
0.8373367 0.1626633 
0.8680627 0.1319373 
0.8591907 0.1408093 
1.0 
1.0 
1.0 
1.0 
1.0 
1.0 
1.0 
1.0 
1.0 
1.0 
1.0 
1.0 
1.0 
1.0 
1.0 
1.0 
1.0 
1.0 
0.9427116 0.05728834 
0.9300137 0.06998628 
0.9855188 0.01448118 
1.0 
0.9375109 0.06248903 
0.9706357 0.02936428 
1.0 
0.02190542 0.9780946 
1.0 
1.0 
1.0 
1.0 
0.1507999 0.8492001 
0.1393849 0.8606151 
0.09356498 0.9064351 
0.08430427 0.9156957 
0.07543736 0.9245627 
0.07208961 0.9279103 
0.09600573 0.9039943 
0.0846439 0.915356 
0.07714337 0.9228566 
0.07402408 0.9259759 
0.09060668 0.9093933 
0.06764638 0.9323536 
0.0601834 0.9398165 
0.03406018 0.9659399 
0.05233889 0.9476611 
0.07017183 0.9298281 
0.01201868 0.9879813 
0.1224459 0.8775541 
0.07081961 0.9291803 
0.1920391 0.8079609 
0.412426 0.587574 
0.4772228 0.5227772 
0.4531704 0.5468297 
0.5098046 0.4901955 
0.06459534 0.9354047 
0.3209727 0.6790272 
0.2142691 0.7857309 
0.2833219 0.7166782 
0.3462482 0.6537519 
0.5468661 0.4531339 
0.291591 0.708409 
0.7736417 0.2263583 
0.8328536 0.1671464 
0.5784732 0.4215268 
1.0 
0.05746692 0.9425331 
0.09411942 0.9058806 
1.0 
0.7575765 0.2424235 
0.7210888 0.2789112 
0.8149698 0.1850302 
0.7634118 0.2365882 
0.9278696 0.07213038 
0.90641 0.09358996 
0.9173656 0.0826345 
0.9729973 0.02700269 
0.9530196 0.04698038 
0.01286363 0.9871364 
0.886323 0.113677 
0.04431116 0.9485013 0.007187485 
0.07244634 0.9275537 
0.04063224 0.9593678 
0.2985557 0.7014443 
0.4291275 0.5708725 
0.578548 0.4214521 
0.7146503 0.2853496 
1.0 
1.0 
1.0 
1.0 
0.818499 0.181501 
1.0 
0.9159462 0.08405387 
0.9564658 0.04353415 
0.08674204 0.9132579 
0.001455843 0.9985441 
1.0 
0.07151484 0.9284851 
0.09345704 0.906543 
1.0 
1.0 
0.2182117 0.7817882 
0.1478427 0.8521573 
0.1577289 0.842271 
0.209185 0.7908149 
0.133022 0.866978 
0.1369706 0.8630293 
0.1475457 0.8524543 
0.1623626 0.8376373 
0.1389318 0.8610683 
0.1683169 0.8316831 
0.1383995 0.8616005 
0.1277945 0.8722056 
0.1204999 0.8795002 
0.120447 0.8795529 
0.1089357 0.8910643 
0.1438259 0.856174 
0.1028326 0.8971675 
0.1321608 0.8678392 
0.1902706 0.8097294 
0.2635337 0.7364663 
0.4023313 0.5976687 
0.4748265 0.5251736 
0.2848077 0.7151923 
0.3468818 0.6531181 
0.39748 0.60252 
0.5528465 0.4471535 
0.7887286 0.2112714 
0.7020837 0.2979163 
0.3578355 0.6421645 
0.05986738 0.9401326 
0.1535032 0.8464968 
0.05465757 0.9453424 
0.7337294 0.2662705 
0.7570642 0.2429358 
0.7230886 0.2769114 
0.8952782 0.1047218 
0.8424417 0.1575583 
0.8690778 0.1309221 
0.9351635 0.0648365 
0.9032768 0.09672325 
0.05574899 0.9226461 0.02160489 
0.09370797 0.906292 
0.07822126 0.9089336 0.01284509 
0.329768 0.6583059 0.01192611 
0.4893879 0.4583501 0.05226188 
0.9554219 0.01728355 0.01610773 0.01118671 
0.7908982 0.09257483 0.06839555 0.04813134 
0.7505958 0.03898495 0.1068103 0.1036089 
0.07286441 0.8137112 0.05479949 0.0586248 
0.004373788 0.9956263 
0.1224762 0.8775237 
0.1104643 0.8895358 
0.003903329 0.9745375 0.02155911 
0.05816394 0.9367173 0.005118608 
0.01144433 0.9228273 0.0657283 
0.002089798 0.6333153 0.177044 0.1875508 
0.2385603 0.5585805 0.09491407 0.1079451 
0.5062652 0.4937347 
0.4606607 0.5393394 
0.01679003 0.1250722 0.8581377 
0.1580147 0.8419853 
0.1157126 0.8842874 
0.3142354 0.6857646 
0.1739658 0.8260343 
0.760652 0.2393481 
0.6429437 0.3570562 
0.5819391 0.418061 
0.3636277 0.6363723 
0.153928 0.8460719 
0.3467012 0.6532989 
0.5860821 0.4139179 
0.544555 0.393982 0.06146305 
0.2376214 0.7623785 
0.7611091 0.2231793 0.01571154 
0.8747816 0.1252185 
0.9084124 0.09158754 
0.8581518 0.1418482 
0.7999342 0.2000657 
0.5858476 0.3341259 0.08002656 
0.7677689 0.2264171 0.005813956 
0.5888748 0.3261624 0.08496284 
1.0 
0.04664778 0.9533522 
1.0 
1.0 
0.07531952 0.9246805 
1.0 
0.1046386 0.8953614 
1.0 
0.07395309 0.9260469 
1.0 
0.05191004 0.94809 
1.0 
1.0 
1.0 
1.0 
1.0 
1.0 
1.0 
1.0 
1.0 
1.0 
1.0 
1.0 
1.0 
0.5131893 0.4868106 
0.867455 0.1325451 
0.8548413 0.1451588 
0.5574058 0.4425943 
0.8685443 0.1314557 
0.5991322 0.4008678 
0.8885349 0.1114652 
0.6609363 0.3390638 
0.9052708 0.09472924 
0.7381033 0.2618967 
0.9247236 0.07527643 
0.7841652 0.2158347 
0.9394682 0.06053185 
0.8347894 0.1652106 
0.5076015 0.4923985 
0.896112 0.1038879 
0.2441788 0.7558212 
0.255805 0.744195 
0.2785671 0.7214329 
0.2828993 0.7171006 
0.3327212 0.6672788 
0.3345886 0.6654114 
0.4293593 0.5706406 
0.4066584 0.5933416 
0.4913615 0.5086385 
0.5002059 0.4997941 
0.5656805 0.4343194 
0.5594245 0.4405755 
0.6304638 0.3695362 
0.5909075 0.4090926 
0.6210924 0.3789076 
0.6053386 0.3946615 
0.6334109 0.3665891 
0.6337014 0.3662986 
0.6173407 0.3826594 
0.6165181 0.3834819 
0.6490138 0.3509862 
0.649218 0.350782 
0.6170065 0.3829935 
0.6491858 0.3508141 
0.6174312 0.3825689 
0.6493376 0.3506625 
0.6193434 0.3806567 
0.6500437 0.3499563 
0.6218706 0.3781294 
0.6506105 0.3493895 
0.6238605 0.3761395 
0.6510073 0.3489927 
0.6258633 0.3741366 
0.6514325 0.3485676 
0.5300791 0.469921 
0.5341795 0.4658204 
0.5489788 0.4510212 
0.5711014 0.4288986 
0.5855451 0.4144549 
0.5883814 0.4116186 
0.5920168 0.4079831 
0.5961115 0.4038885 
0.6599668 0.3400331 
0.6597764 0.3402236 
0.6598673 0.3401327 
0.6598669 0.3401331 
0.6598848 0.3401151 
0.6598113 0.3401886 
0.6599689 0.3400312 
0.6599059 0.3400941 
0.6600108 0.3399893 
0.6600024 0.3399976 
0.6599123 0.3400877 
0.6599163 0.3400837 
0.6599016 0.3400985 
0.6598967 0.3401033 
0.6598718 0.3401282 
0.6597979 0.340202 
0.3772482 0.6227518 
0.3072472 0.6927528 
0.3173304 0.6826696 
0.3899382 0.6100617 
0.2340216 0.7659784 
0.2688734 0.7311266 
0.2284779 0.7715221 
0.2424085 0.7575916 
0.7420511 0.257949 
0.72574 0.2742601 
0.6847482 0.3152519 
0.7887549 0.2112452 
0.7492496 0.2507503 
0.8255273 0.1744727 
0.7767605 0.2232394 
0.847517 0.1524829 
0.8172176 0.1827824 
0.8482342 0.1517657 
0.7573155 0.2426844 
0.7506688 0.2493312 
0.7871888 0.2128112 
0.7914029 0.2085971 
0.7438259 0.2561742 
0.7845207 0.2154793 
0.8278748 0.1721252 
0.7914131 0.2085868 
0.7879807 0.2120193 
0.81993 0.18007 
0.8367983 0.1632017 
0.7958964 0.2041035 
0.8447595 0.1552405 
0.7998964 0.2001036 
0.8536379 0.1463621 
0.8038508 0.1961492 
0.7624447 0.2375553 
0.7941698 0.2058302 
0.9407485 0.05925148 
0.9119197 0.08808034 
0.7611008 0.2388991 
0.7663431 0.2336569 
0.880793 0.119207 
0.7519202 0.2480797 
0.9173415 0.08265835 
0.838609 0.1613909 
0.826107 0.173893 
0.8747278 0.1252722 
0.9259045 0.07409536 
0.8514142 0.1485857 
0.9138229 0.08617705 
0.8620369 0.1379631 
0.8919684 0.1080317 
0.8759667 0.1240333 
0.7737946 0.2262054 
0.9858784 0.01412165 
0.7918809 0.208119 
0.789951 0.210049 
0.7819604 0.2180396 
0.788277 0.2117231 
0.7951462 0.2048538 
0.7932069 0.206793 
0.7896707 0.2103292 
0.7967924 0.2032076 
0.7907438 0.2092562 
0.7943792 0.2056208 
0.2249796 0.7750204 
0.2121965 0.7878035 
0.2141621 0.785838 
0.2199453 0.7800547 
0.2366513 0.7633487 
0.2661839 0.733816 
0.682807 0.3171929 
0.6978543 0.3021457 
0.7096119 0.2903881 
0.7323139 0.2676861 
0.6746482 0.3253517 
0.671772 0.3282281 
0.7051742 0.2948259 
0.7068247 0.2931752 
0.6695402 0.3304598 
0.7042748 0.2957252 
0.6671447 0.3328553 
0.703181 0.296819 
0.7131875 0.2868126 
0.7054647 0.2945353 
0.7043852 0.2956148 
0.7089031 0.2910969 
0.718711 0.2812889 
0.7069746 0.2930254 
0.7235252 0.2764748 
0.7082831 0.2917169 
0.728272 0.271728 
0.7095767 0.2904233 
0.6762222 0.3237778 
0.7078737 0.2921264 
0.6382061 0.3617939 
0.6389842 0.3610159 
0.6436922 0.3563078 
0.6455273 0.3544727 
0.7061457 0.2938544 
0.6989886 0.3010114 
0.7115896 0.2884104 
0.7150697 0.2849303 
0.7216245 0.2783755 
0.636523 0.363477 
0.7060267 0.2939733 
0.7067988 0.2932012 
0.7064449 0.2935552 
0.7056426 0.2943574 
0.7062254 0.2937746 
0.7074987 0.2925012 
0.7053917 0.2946084 
0.7048496 0.2951503 
0.70705 0.29295 
0.657244 0.342756 
0.6242145 0.3757855 
0.5854339 0.4145662 
0.6926544 0.3073456 
0.4167138 0.5832862 
0.3970158 0.6029843 
0.3964244 0.6035756 
0.5839232 0.4160768 
0.2978897 0.7021104 
0.2916007 0.7083993 
0.2666932 0.7333067 
0.2638437 0.7361564 
0.423561 0.576439 
0.3383241 0.6616759 
0.3037013 0.6962987 
0.3150706 0.6849294 
0.3413314 0.6586685 
0.3352502 0.6647498 
0.3302106 0.6697894 
0.4858436 0.5141564 
0.3156163 0.6843837 
0.2969191 0.7030809 
0.295006 0.7049941 
0.2996078 0.7003923 
0.4427605 0.5572395 
0.3112848 0.6887152 
0.6600242 0.3399758 
0.5036633 0.4963368 
0.5197038 0.4802961 
0.5053952 0.4946049 
0.5091347 0.4908653 
0.6254161 0.3745839 
0.6154177 0.3845822 
0.653208 0.3467921 
0.6521164 0.3478835 
0.691236 0.3087639 
0.7340211 0.2659789 
0.5282713 0.4717286 
0.2221698 0.7778303 
0.4597507 0.5402493 
0.660084 0.3399161 
0.6272488 0.3727512 
0.6517479 0.3482521 
0.5987342 0.4012659 
0.7379987 0.2620012 
0.7441522 0.2558478 
0.8260107 0.1739893 
0.9958887 0.004111349 
1.0 
1.0 
0.5251676 0.4748325 
0.9144081 0.08559191 
0.4241096 0.5758904 
0.64135 0.35865 
0.6048659 0.3951341 
0.6711896 0.3288103 
0.6718236 0.3281764 
0.2744296 0.7255704 
0.5213828 0.4786173 
0.6721422 0.3278577 
0.6567697 0.3432304 
0.6383411 0.3616588 
0.6052221 0.3947779 
0.6437964 0.3562037 
0.7369078 0.2630922 
0.8083104 0.1916896 
0.7761596 0.2238404 
0.7713298 0.2286702 
0.7367506 0.2632494 
0.7329675 0.2670325 
0.2273073 0.7726927 
0.5742654 0.4257347 
0.6848486 0.3151514 
0.6485982 0.3514018 
0.7299497 0.2700504 
0.8550758 0.1449242 
1.0 
0.9717773 0.02822262 
0.945451 0.05454897 
0.03838604 0.9234728 0.03814119 
0.5209113 0.4790887 
1.0 
0.8770592 0.1229408 
0.9239421 0.07605791 
0.0504865 0.8851999 0.06431365 
0.09348374 0.8538734 0.05264282 
0.09134072 0.8582896 0.05036973 
0.09456264 0.851824 0.0536133 
0.4327341 0.5672659 
0.4437168 0.5562832 
0.5 0.5 
0.5 0.5 
0.5 0.5 
0.5 0.5 
0.5 0.5 
0.5 0.5 
0.5 0.5 
0.5 0.5 
0.5 0.5 
0.5 0.5 
0.5 0.5 
0.5 0.5 
0.5 0.5 
0.5 0.5 
0.5 0.5 
0.5 0.5 
0.5 0.5 
0.5 0.5 
0.5 0.5 
0.5 0.5 
0.5 0.5 
0.5 0.5 
0.5 0.5 
0.5 0.5 
0.5 0.5 
0.5 0.5 
0.5 0.5 
0.5 0.5 
0.5 0.5 
0.5 0.5 
0.5 0.5 
0.5 0.5 
0.5 0.5 
0.08397066 0.1179499 0.1179499 0.6801295 
0.08393692 0.117905 0.117905 0.6802529 
0.0839374 0.1179147 0.1178966 0.6802513 
0.08400702 0.1180225 0.117973 0.6799975 
0.08389079 0.1178441 0.1178441 0.6804209 
0.08386278 0.1178272 0.1177866 0.6805234 
0.08982777 0.1221585 0.1221585 0.6658552 
0.08555132 0.1198608 0.1198608 0.6747269 
0.08537298 0.120489 0.1191596 0.6749784 
0.08705055 0.1259995 0.1195931 0.6673567 
0.08436512 0.1184683 0.1184683 0.6786982 
0.08442574 0.1186881 0.118403 0.6784831 
0.08138531 0.1144305 0.1144305 0.6897537 
0.08153676 0.1149005 0.1143946 0.689168 
0.08287423 0.116639 0.1163229 0.6841638 
0.08285474 0.1164523 0.1164523 0.6842406 
0.08361291 0.1175439 0.1174041 0.681439 
0.08366787 0.1175475 0.1175475 0.6812371 
0.08309906 0.1180405 0.1157783 0.683082 
0.08375591 0.1182484 0.1171501 0.6808456 
0.08393681 0.1180522 0.1177629 0.6802481 
0.0839374 0.1178966 0.1179147 0.6802513 
0.08400702 0.117973 0.1180225 0.6799975 
0.08386278 0.1177866 0.1178272 0.6805234 
0.08537298 0.1191596 0.120489 0.6749784 
0.08705055 0.1195931 0.1259995 0.6673567 
0.08442574 0.118403 0.1186881 0.6784831 
0.08287423 0.1163229 0.116639 0.6841638 
0.08153676 0.1143946 0.1149005 0.689168 
0.08361291 0.1174041 0.1175439 0.681439 
0.08375591 0.1171501 0.1182484 0.6808456 
0.08309906 0.1157783 0.1180405 0.683082 
0.08393681 0.1177629 0.1180522 0.6802481 
1.0 
1.0 
1.0 
1.0 
1.0 
1.0 
1.0 
1.0 
1.0 
1.0 
1.0 
1.0 
1.0 
1.0 
1.0 
1.0 
1.0 
1.0 
1.0 
1.0 
1.0 
1.0 
1.0 
1.0 
1.0 
1.0 
1.0 
1.0 
1.0 
1.0 
1.0 
1.0 
1.0 
0.9446799 0.05532014 
0.9451446 0.05485546 
0.9451464 0.05485367 
0.9443686 0.05563139 
0.9456346 0.05436539 
0.9456365 0.05436342 
0.9271761 0.07282388 
0.9362066 0.06379336 
0.9363339 0.06366616 
0.9280335 0.07196646 
0.9417222 0.05827784 
0.9413343 0.05866575 
0.9437897 0.05621033 
0.9434527 0.0565474 
0.9447923 0.05520772 
0.9451277 0.05487227 
0.9456761 0.05432391 
0.9459531 0.05404692 
0.9392239 0.06077611 
0.9418243 0.05817574 
0.9442414 0.05575865 
0.9451464 0.05485367 
0.9443686 0.05563139 
0.9456365 0.05436342 
0.9363338 0.06366616 
0.9280335 0.07196646 
0.9413343 0.05866575 
0.9447923 0.05520772 
0.9434527 0.0565474 
0.9456761 0.05432391 
0.9418243 0.05817574 
0.9392239 0.06077611 
0.9442414 0.05575865 
0.6454533 0.3545467 
0.6455357 0.3544643 
0.6455349 0.3544651 
0.6453637 0.3546363 
0.6456497 0.3543503 
0.6457168 0.3542831 
0.635675 0.364325 
0.6417763 0.3582236 
0.6419399 0.3580601 
0.6366866 0.3633134 
0.6444848 0.3555153 
0.6443383 0.3556618 
0.6517537 0.3482464 
0.6514441 0.3485559 
0.6481528 0.3518473 
0.6481979 0.3518021 
0.6463334 0.3536666 
0.6461972 0.3538028 
0.6476305 0.3523695 
0.6459815 0.3540186 
0.6455381 0.3544619 
0.6455349 0.3544651 
0.6453637 0.3546363 
0.6457168 0.3542831 
0.6419399 0.3580601 
0.6366866 0.3633134 
0.6443383 0.3556617 
0.6481528 0.3518473 
0.6514441 0.3485559 
0.6463334 0.3536666 
0.6459815 0.3540186 
0.6476305 0.3523695 
0.6455381 0.3544619 
1.0 
1.0 
1.0 
1.0 
1.0 
1.0 
1.0 
1.0 
1.0 
1.0 
1.0 
1.0 
1.0 
1.0 
1.0 
1.0 
1.0 
1.0 
1.0 
1.0 
1.0 
1.0 
1.0 
1.0 
1.0 
1.0 
1.0 
1.0 
1.0 
1.0 
1.0 
1.0 
1.0 
0.06643605 0.933564 
0.06652498 0.933475 
0.06652522 0.9334748 
0.06635802 0.9336419 
0.06663233 0.9333676 
0.06670087 0.9332991 
0.06066405 0.939336 
0.06381249 0.9361875 
0.06387001 0.9361301 
0.06094759 0.9390524 
0.06562161 0.9343783 
0.06550687 0.9344931 
0.08024305 0.919757 
0.07360696 0.926393 
0.06958609 0.9304139 
0.06996458 0.9300354 
0.0673846 0.9326153 
0.06721693 0.932783 
0.06426537 0.9357346 
0.06595665 0.9340434 
0.06644308 0.9335569 
0.06652522 0.9334748 
0.06635802 0.9336419 
0.06670087 0.9332991 
0.06387001 0.9361301 
0.06094759 0.9390524 
0.06550687 0.9344931 
0.06958609 0.9304139 
0.07360696 0.926393 
0.0673846 0.9326153 
0.06595665 0.9340434 
0.06426537 0.9357346 
0.06644308 0.9335569 
0.1236937 0.8763062 
0.1147484 0.8852516 
0.1137793 0.8862208 
0.1133767 0.8866233 
0.1136035 0.8863965 
0.1145893 0.8854108 
0.1164498 0.8835502 
0.1193608 0.8806391 
0.1235275 0.8764725 
0.1265115 0.8734884 
0.1276124 0.8723876 
0.1264585 0.8735414 
0.1248428 0.8751571 
0.1227319 0.877268 
0.120341 0.8796591 
0.1181102 0.8818899 
0.1162163 0.8837836 
0.1091617 0.8908383 
0.1075497 0.8924503 
0.1067344 0.8932657 
0.1065062 0.8934939 
0.1072023 0.8927977 
0.1089476 0.8910524 
0.111741 0.8882591 
0.1168461 0.8831539 
0.1247832 0.8752168 
0.1289895 0.8710106 
0.1296072 0.8703928 
0.1275795 0.8724205 
0.1237214 0.8762787 
0.1184259 0.8815741 
0.1145862 0.8854137 
0.1115126 0.8884875 
0.1041054 0.8958946 
0.1020157 0.8979843 
0.101257 0.898743 
0.1001372 0.8998628 
0.1004639 0.899536 
0.1020811 0.897919 
0.1050426 0.8949574 
0.1096586 0.8903414 
0.1160591 0.8839409 
0.1238769 0.8761231 
0.1257951 0.8742049 
0.1235807 0.8764194 
0.1188473 0.8811527 
0.1146797 0.8853203 
0.1109039 0.8890961 
0.1071427 0.8928574 
0.1008645 0.8991354 
0.09845191 0.9015481 
0.09697729 0.9030228 
0.09614747 0.9038525 
0.09638488 0.9036152 
0.09777957 0.9022205 
0.1003821 0.899618 
0.1042322 0.8957678 
0.1091605 0.8908395 
0.114449 0.885551 
0.1184105 0.8815894 
0.1167375 0.8832625 
0.1140788 0.8859211 
0.1110463 0.8889538 
0.1077721 0.8922279 
0.1040709 0.895929 
0.09899175 0.9010082 
0.0966677 0.9033323 
0.09510737 0.9048926 
0.09432339 0.9056766 
0.09445834 0.9055417 
0.09557145 0.9044285 
0.09767055 0.9023295 
0.1006659 0.8993342 
0.1043101 0.8956899 
0.1079713 0.8920288 
0.1105841 0.8894159 
0.1108807 0.8891193 
0.1096836 0.8903164 
0.1076507 0.8923493 
0.1050519 0.8949481 
0.101897 0.8981031 
0.09810096 0.9018991 
0.09625083 0.9037492 
0.0949428 0.9050573 
0.09427767 0.9057223 
0.09432935 0.9056707 
0.09512603 0.9048739 
0.0966289 0.9033712 
0.09871953 0.9012805 
0.1011534 0.8988466 
0.1035127 0.8964874 
0.1052598 0.8947402 
0.1059283 0.8940718 
0.1055892 0.8944109 
0.1043931 0.8956069 
0.1025927 0.8974074 
0.1002998 0.8997001 
0.09787154 0.9021285 
0.09682744 0.9031726 
0.09606122 0.9039388 
0.09565746 0.9043425 
0.09567368 0.9043264 
0.09611284 0.9038872 
0.0969333 0.9030667 
0.0980305 0.9019695 
0.09926325 0.9007368 
0.1004151 0.8995849 
0.101292 0.898708 
0.1017256 0.8982745 
0.1016504 0.8983495 
0.1011063 0.8988937 
0.1001868 0.8998133 
0.09904396 0.900956 
0.09824001 0.90176 
0.1236937 0.8763063 
0.1137793 0.8862208 
0.1147484 0.8852517 
0.1133767 0.8866233 
0.1136035 0.8863965 
0.1145892 0.8854107 
0.1164498 0.8835502 
0.1193608 0.8806392 
0.1235275 0.8764725 
0.1265115 0.8734885 
0.1276124 0.8723877 
0.1264585 0.8735415 
0.1248428 0.8751572 
0.122732 0.8772681 
0.120341 0.879659 
0.1181102 0.8818899 
0.1162163 0.8837838 
0.1091617 0.8908383 
0.1075497 0.8924503 
0.1067343 0.8932656 
0.1065061 0.8934938 
0.1072023 0.8927977 
0.1089476 0.8910524 
0.111741 0.8882591 
0.1168461 0.8831539 
0.1247832 0.8752168 
0.1289895 0.8710106 
0.1296072 0.8703928 
0.1275795 0.8724205 
0.1237214 0.8762787 
0.1184259 0.8815742 
0.1145862 0.8854137 
0.1115126 0.8884875 
0.1041054 0.8958946 
0.1020157 0.8979843 
0.101257 0.898743 
0.1001372 0.8998628 
0.1004639 0.8995361 
0.102081 0.897919 
0.1050426 0.8949574 
0.1096586 0.8903415 
0.1160591 0.8839409 
0.1238769 0.8761231 
0.1257951 0.874205 
0.1235807 0.8764194 
0.1188473 0.8811527 
0.1146797 0.8853204 
0.1109039 0.889096 
0.1071426 0.8928573 
0.1008645 0.8991355 
0.09845191 0.9015481 
0.09697729 0.9030228 
0.09614747 0.9038525 
0.09638488 0.9036152 
0.09777957 0.9022205 
0.1003821 0.899618 
0.1042322 0.8957678 
0.1091605 0.8908395 
0.114449 0.885551 
0.1184105 0.8815894 
0.1167375 0.8832625 
0.1140788 0.8859212 
0.1110463 0.8889538 
0.1077721 0.8922278 
0.1040709 0.8959292 
0.09899175 0.9010083 
0.0966677 0.9033323 
0.09510737 0.9048927 
0.09432339 0.9056767 
0.09445834 0.9055417 
0.09557145 0.9044286 
0.09767049 0.9023295 
0.1006659 0.8993342 
0.1043101 0.8956899 
0.1079713 0.8920288 
0.1105841 0.8894159 
0.1108807 0.8891193 
0.1096836 0.8903164 
0.1076507 0.8923493 
0.1050519 0.8949481 
0.101897 0.8981031 
0.0981009 0.901899 
0.09625077 0.9037492 
0.09494274 0.9050573 
0.09427767 0.9057223 
0.09432935 0.9056707 
0.09512603 0.904874 
0.0966289 0.9033712 
0.09871953 0.9012805 
0.1011534 0.8988467 
0.1035127 0.8964874 
0.1052598 0.8947402 
0.1059283 0.8940717 
0.1055892 0.8944109 
0.1043931 0.8956069 
0.1025927 0.8974074 
0.1002998 0.8997002 
0.09787154 0.9021285 
0.09682744 0.9031726 
0.09606122 0.9039388 
0.09565746 0.9043425 
0.09567368 0.9043264 
0.09611278 0.9038872 
0.0969333 0.9030667 
0.0980305 0.9019695 
0.09926325 0.9007368 
0.1004151 0.899585 
0.101292 0.8987081 
0.1017256 0.8982745 
0.1016504 0.8983497 
0.1011063 0.8988938 
0.1001868 0.8998133 
0.09904396 0.900956 
0.09824001 0.90176 
