5 11 17 3 8 14 20 
5 11 17 3 8 14 20 
5 11 17 3 8 14 20 15 
5 11 17 3 8 14 20 15 
5 11 17 3 8 14 20 
5 11 17 3 8 14 20 
5 11 17 3 14 20 
5 11 17 12 18 3 14 20 15 
5 11 17 18 3 14 20 15 
5 11 17 18 3 8 14 20 15 
5 11 17 3 8 14 20 15 
5 11 17 3 8 14 20 15 
5 11 17 3 14 20 
5 11 17 18 3 14 20 
11 17 22 3 14 
11 17 22 18 3 14 
5 11 17 12 18 3 14 20 15 
5 11 17 3 14 20 
5 11 17 3 14 20 
11 17 14 
11 17 3 8 14 20 
11 17 3 8 14 20 
11 17 3 8 14 20 
11 17 3 8 14 20 
11 17 3 8 14 20 15 
11 14 20 24 
11 17 14 20 24 15 
11 14 20 24 
11 17 14 20 24 
11 14 20 
11 17 14 20 24 15 21 
11 17 3 14 20 24 15 21 
11 17 14 20 24 15 21 
11 17 3 14 20 24 15 21 
14 20 24 15 21 
11 17 3 8 14 20 15 21 
11 17 3 8 14 20 15 21 
11 17 
11 17 
11 17 
11 17 
11 17 
5 11 17 
5 11 17 
1 5 11 17 12 
1 11 17 12 
1 5 11 17 12 
1 11 17 12 
11 17 
1 5 11 
1 5 11 
1 5 11 12 
1 5 11 17 12 
1 5 11 17 12 
5 11 
1 5 11 
1 5 11 
5 11 
5 11 
5 11 
5 11 
4 5 11 
1 4 10 5 11 
1 4 10 5 11 
1 5 11 
1 5 11 
5 11 
1 4 10 5 11 
1 4 5 11 12 
1 4 10 5 11 12 
1 4 10 5 11 12 
1 4 10 5 11 
1 4 10 5 11 
1 4 10 5 11 
14 20 
14 20 
14 20 
14 20 
14 20 
14 20 
13 14 20 
13 14 20 
13 14 20 
13 14 20 
13 14 20 
14 20 
13 19 14 20 15 21 
13 14 20 15 
13 19 14 20 15 
13 19 14 20 15 
13 19 14 20 15 
13 14 20 15 
14 20 15 
13 14 20 15 21 
5 11 17 
11 17 
11 17 
11 17 
5 11 17 
5 11 17 
5 11 
5 11 
5 11 
5 11 17 14 
5 11 17 14 
5 11 17 3 14 
5 11 17 14 
5 11 17 14 
5 11 17 14 
11 17 
5 11 17 14 
5 11 17 3 8 14 20 
5 11 17 3 8 14 20 
5 11 17 3 8 14 20 
5 11 17 3 8 14 20 
5 11 17 3 8 14 20 
5 11 17 3 14 
5 11 17 3 14 
5 11 17 3 8 14 20 
5 11 17 3 8 14 
5 11 17 3 8 14 
5 11 17 3 8 14 
5 11 17 3 8 14 20 
5 11 17 3 8 14 20 
1 5 11 17 3 8 14 20 
1 5 11 17 3 8 14 
1 5 11 17 3 8 14 
1 2 5 11 3 8 14 
1 2 5 11 3 8 14 
1 2 5 11 3 8 14 
1 2 5 11 3 8 14 
1 2 5 11 3 8 14 
1 5 11 17 3 8 14 
1 5 11 17 3 8 14 20 
1 5 11 17 3 8 14 20 
5 11 17 3 8 14 
5 11 17 3 14 
1 5 11 17 3 8 14 
5 11 17 3 14 
1 2 5 11 3 8 14 
1 2 5 11 3 8 14 
2 5 11 3 14 
5 11 
5 11 
5 11 
5 11 
5 11 
5 11 
5 11 3 
2 5 11 3 
5 11 14 
5 11 
5 11 
14 20 
14 20 
14 20 
14 20 
14 20 
14 20 
14 20 
11 14 20 
11 14 20 
14 20 
14 20 
14 20 
8 14 20 
14 20 
11 8 14 20 
14 20 
14 20 
8 14 
8 14 
13 8 14 
13 8 14 
8 14 
8 14 
8 14 
8 14 
8 14 
13 8 14 20 
8 14 
8 14 
8 14 
8 14 20 
8 14 
8 14 
8 14 
5 11 3 8 14 
5 11 3 8 14 
5 11 3 8 14 
11 3 8 14 
5 11 3 8 14 20 
11 3 8 14 
11 3 8 14 
11 3 8 14 
11 3 8 14 20 
11 3 8 14 20 
11 3 8 14 20 
11 3 8 14 20 
5 11 3 8 14 20 
5 11 17 3 8 14 20 
5 11 17 3 8 14 20 
11 17 3 8 14 20 
11 17 3 8 14 20 
11 17 3 8 14 20 
5 11 17 3 8 14 20 
11 8 14 20 
11 8 14 20 
11 14 20 
1 2 4 10 5 11 3 
1 2 4 10 5 11 3 
2 4 10 5 11 3 
1 2 4 10 5 11 3 
1 2 4 10 5 11 3 
1 2 4 5 11 3 
1 2 4 5 11 3 
1 2 4 10 5 3 
1 2 4 10 5 3 
1 2 4 10 5 3 
1 2 4 10 5 11 3 
2 4 10 5 11 3 
1 2 5 3 8 
1 2 5 11 3 8 
1 2 4 5 3 
1 2 4 5 11 3 
1 2 4 5 3 
1 2 4 5 11 3 8 
1 2 4 5 11 3 8 
1 2 5 11 3 8 
1 2 5 11 3 8 14 
1 2 5 11 3 8 14 
1 2 5 11 3 8 14 
1 2 5 11 3 8 14 
1 2 5 11 3 8 14 
1 2 5 11 3 8 14 
1 2 5 3 8 14 
1 2 5 11 3 8 
1 2 5 11 3 8 
1 2 5 11 3 8 14 
1 2 5 3 8 
1 2 5 3 8 
1 2 5 3 8 
1 2 5 3 8 
1 2 5 3 8 
1 2 3 8 14 
1 2 3 8 
7 8 14 
3 7 8 14 
7 13 8 14 
7 13 8 14 
7 13 8 14 
7 13 8 14 
7 13 8 14 
3 7 8 14 
3 7 8 14 
3 7 8 14 
3 7 8 14 
3 7 8 14 
3 7 8 14 
3 7 8 14 
3 7 13 8 14 
3 7 13 8 14 
3 7 8 14 
7 13 8 14 
7 13 8 14 
7 13 8 14 
2 3 7 8 14 
1 2 5 3 8 14 
1 2 5 11 3 8 14 
2 3 8 14 
2 3 7 8 14 
3 7 8 
2 3 7 8 14 
2 3 7 8 
2 3 7 8 14 
3 7 8 14 
3 7 8 14 
3 7 8 
3 7 8 14 
3 7 8 14 
1 2 5 11 3 8 14 
1 2 5 11 3 8 14 
1 2 5 11 3 8 14 
1 2 5 11 3 8 14 
1 2 5 11 3 8 14 
1 2 5 11 3 8 14 
1 2 5 11 3 8 14 
1 2 5 11 3 8 14 
1 2 5 11 3 8 14 
1 2 5 11 3 8 14 
1 2 5 11 3 8 14 
1 2 5 11 3 8 14 
1 2 5 11 3 8 14 
1 2 5 11 3 8 14 
8 14 
8 14 
3 8 14 
8 14 
8 14 
3 7 8 14 
7 8 14 
3 7 8 14 
7 13 8 14 
7 8 14 
7 13 8 14 
7 13 8 14 
8 14 
7 13 8 14 
1 4 10 5 11 
2 4 10 5 11 
4 10 5 11 
2 4 10 5 11 
4 10 5 11 
2 4 10 5 11 
2 4 10 5 11 
2 4 10 5 
2 4 10 5 11 
2 4 10 5 11 3 
2 4 5 11 
2 4 10 5 11 3 
2 4 10 5 11 
2 4 5 11 
3 8 14 
3 8 14 
2 11 3 8 14 
11 3 8 14 
3 8 14 
1 2 5 11 3 8 14 
1 2 5 11 3 8 14 
1 2 5 11 3 8 14 
2 5 11 3 
1 2 5 11 3 
1 2 5 11 3 8 
2 4 5 11 3 
2 5 11 
1 2 4 5 11 3 
1 2 4 5 11 3 
1 2 5 11 3 8 
1 4 10 5 11 
1 4 10 5 11 
1 4 10 5 11 
1 4 10 5 11 
2 4 10 5 11 
4 10 5 
2 4 10 5 
1 4 10 5 
2 4 10 5 
1 4 10 5 11 
2 4 10 5 
2 4 10 5 
2 4 10 5 
2 4 10 5 
2 4 10 5 
2 4 10 5 
2 4 10 5 
4 10 5 
4 10 5 
4 10 5 
4 10 5 
4 10 5 
4 10 16 5 
4 10 16 5 
4 10 16 5 
4 10 16 
4 10 16 
4 10 16 5 
2 4 10 16 5 
2 4 10 5 
2 4 10 5 
4 10 16 5 
2 4 10 5 
2 4 10 5 
4 10 
4 10 5 
1 4 10 5 
1 4 10 5 
4 10 
4 10 
4 10 
4 10 
4 10 
4 10 
4 10 16 
4 10 16 
4 10 16 
4 10 16 
4 10 16 
4 10 16 
4 10 16 
4 10 16 
4 10 16 
4 10 16 
4 10 16 
4 10 16 
4 10 16 
4 10 16 
4 10 16 
4 10 16 
4 10 16 
4 10 16 
4 10 16 
4 10 16 
4 10 16 
4 10 16 
4 10 16 
4 10 16 
17 22 
17 22 
17 22 
17 22 
17 22 
17 22 
17 22 
17 22 
17 22 
17 22 
17 22 
17 22 
17 22 
17 22 
17 22 
17 22 
17 22 
17 22 
17 22 
17 22 
20 24 
20 24 
20 24 
20 24 
20 24 
20 24 
20 24 
20 24 
20 24 
20 24 
20 24 
20 24 
20 24 
20 24 
20 24 
20 24 
20 24 
20 24 
20 24 
20 24 
14 20 24 
14 20 24 
14 20 24 
14 20 24 
14 20 24 
14 20 24 
14 20 
14 20 24 
14 20 
20 24 
20 24 
20 24 
20 24 
20 24 
14 20 24 15 21 
14 20 24 15 21 
14 20 24 15 21 
14 20 15 21 
14 20 24 15 
14 20 24 
14 20 24 
14 20 24 15 21 
14 20 24 15 21 
14 20 24 
14 20 24 
14 20 24 15 21 
20 24 
20 24 
20 24 
14 20 24 
20 24 
14 20 24 
14 20 24 
14 20 24 
20 24 
20 24 
14 20 24 
20 24 
14 20 24 
14 20 24 
14 20 24 
14 20 24 
20 24 
20 24 
14 20 24 
20 24 
14 20 
11 17 22 
11 17 22 
11 17 22 14 
11 17 22 
11 17 22 
11 17 22 
11 17 22 
11 17 22 
11 17 22 
11 17 22 
11 17 22 
11 17 22 
11 17 22 
11 17 22 
11 17 22 
11 17 22 
11 17 22 
11 17 22 
11 17 22 
11 17 22 
11 17 22 
17 22 
11 17 22 
17 22 
17 22 
11 17 22 
11 17 22 
11 17 22 
11 17 22 
11 17 22 14 
11 17 22 
11 17 22 
17 22 
11 17 22 
11 17 22 
11 17 22 14 
11 17 22 
11 17 22 
11 17 12 18 
11 17 12 18 
11 17 22 
17 22 
17 22 
11 17 22 
17 22 
11 17 12 18 
11 17 22 
4 10 16 
4 10 16 
4 10 16 
4 10 16 
4 10 16 
4 10 16 
4 10 16 
4 10 16 
4 10 16 
4 10 16 
4 10 16 
4 10 16 
4 10 16 
4 10 16 
4 10 16 
4 10 16 
4 10 16 
4 10 16 
4 10 16 
4 10 16 
4 10 16 
4 10 16 
10 16 
10 16 
10 16 
4 10 16 
4 10 16 
4 10 16 
4 10 16 
4 10 16 
4 10 16 
10 16 
4 10 16 
4 10 16 
4 10 16 
4 10 16 
10 16 
10 16 
10 16 
4 10 16 
4 10 16 
4 10 16 
4 10 16 
4 10 16 
4 10 16 
4 10 16 
4 10 16 
4 10 16 
4 10 16 
4 10 16 
4 10 16 
4 10 16 
4 10 16 
10 16 
10 16 
10 16 
10 16 
10 16 
10 16 
10 16 
10 16 
10 16 
10 16 
10 16 
10 16 
10 16 
4 10 16 
1 2 4 10 3 
1 2 4 10 5 3 
1 2 4 10 5 6 3 
1 2 4 10 5 3 
2 4 10 5 3 
2 4 10 5 3 
1 2 4 10 5 3 
1 2 4 5 3 
1 2 4 5 3 
1 2 5 3 
1 2 3 
1 2 4 3 
1 2 4 10 5 3 
1 2 4 5 3 
1 2 5 3 
1 2 4 10 5 3 
2 4 10 5 3 
2 3 7 8 9 
2 3 7 8 9 
3 7 8 9 
3 7 8 9 
1 2 3 7 8 
1 2 3 7 8 
2 3 7 8 
3 7 8 9 
3 7 8 9 
3 7 8 9 
3 7 8 9 
3 7 8 9 
3 7 8 
3 7 8 
3 7 8 
2 3 7 8 
1 2 3 7 8 
3 7 8 9 
3 7 8 9 
3 7 13 8 9 
3 7 13 8 9 
3 7 8 9 
7 13 8 
7 13 8 
7 13 8 
7 13 8 
7 13 8 9 
7 13 8 14 
3 7 13 8 14 
7 13 8 14 
3 7 8 
1 11 17 12 18 
1 11 17 12 18 
1 11 17 12 18 
1 11 17 12 18 
11 17 12 18 
1 11 17 12 18 
1 11 17 12 18 
1 11 17 12 18 
1 11 17 12 18 
1 11 17 12 18 
1 11 17 12 18 
1 11 17 12 18 
1 11 17 12 18 
11 17 12 18 
1 11 17 12 18 
11 17 12 18 
11 17 12 18 14 
14 20 15 21 
13 14 20 15 21 
14 20 15 21 
13 14 20 15 21 
13 14 20 15 21 
13 14 20 15 21 
13 14 20 15 21 
14 20 24 15 21 
14 20 15 21 
14 20 15 21 
14 20 15 21 
14 20 15 21 
14 20 15 21 
14 20 24 15 21 
14 20 24 15 21 
13 14 20 15 21 
13 14 20 15 21 
1 2 3 
1 2 3 
1 2 3 
1 2 3 
1 2 3 
1 2 3 8 
1 2 3 8 
1 2 3 
1 2 3 8 
1 2 3 8 
1 2 5 3 
2 4 10 5 6 
2 4 10 5 
2 4 10 5 6 
2 4 10 5 
2 4 10 5 
2 4 10 5 
2 4 10 5 
2 4 10 5 
2 4 10 5 
2 4 10 5 6 
2 4 10 5 
2 4 10 5 
2 4 10 5 
2 4 10 5 
2 4 10 
2 4 10 
2 4 10 5 
2 4 10 
2 4 10 16 
2 4 10 16 
2 4 10 16 5 
2 4 10 5 
2 4 10 5 
2 4 10 
2 4 10 5 
2 4 10 5 
2 4 10 16 5 
2 4 10 16 5 
4 10 16 
4 10 16 
4 10 16 
4 10 16 
4 10 16 
4 10 16 
4 10 16 
4 10 16 
10 16 
10 16 
10 16 
10 16 
4 10 16 
4 10 16 
4 10 16 
4 10 16 
10 16 
4 10 16 
4 10 16 
4 10 16 
4 10 16 
4 10 16 
4 10 16 
4 10 16 
4 10 16 
4 10 16 
4 10 16 
4 10 16 
4 10 16 
4 10 16 
4 10 16 
4 10 16 
4 10 16 
4 10 16 
13 19 14 20 15 21 
13 19 14 20 15 21 
13 19 14 20 15 21 
13 19 14 20 15 21 
13 19 14 20 15 21 
13 19 14 20 15 21 
13 19 14 20 15 21 
13 19 14 20 15 21 
13 19 14 20 15 21 
13 19 14 20 15 21 
13 19 14 20 15 21 
13 14 20 15 21 
13 19 14 20 15 21 
13 19 14 20 15 
1 11 17 12 18 
1 11 17 12 18 
1 11 17 12 18 
1 11 17 12 18 
1 11 17 12 18 
1 4 5 11 17 12 
1 5 11 17 12 18 
1 5 11 17 6 12 
1 5 11 17 12 18 
1 11 17 12 18 
1 11 17 12 18 
1 5 11 17 12 
1 4 5 11 17 12 
1 11 17 12 18 
1 4 10 5 11 6 12 
1 4 10 5 11 6 12 
1 4 10 5 11 6 12 
1 4 10 5 11 6 12 
1 4 10 5 11 6 12 
1 4 10 5 11 6 12 
1 4 10 5 11 6 12 
1 4 10 5 11 6 12 
1 4 10 5 11 6 12 
1 4 10 5 11 6 12 
1 4 10 5 11 12 
1 4 10 5 11 12 
1 4 10 5 11 
1 4 10 5 11 12 
1 4 10 5 11 6 
1 4 10 5 11 6 12 
1 4 10 5 11 6 12 
1 4 10 5 11 6 12 
1 4 10 5 11 
1 4 10 5 11 
1 4 10 5 11 6 
1 4 10 5 
1 4 10 5 
1 4 10 5 6 
1 4 10 5 11 
1 4 10 5 11 
1 4 10 5 
1 4 10 5 11 
1 4 10 
1 4 10 5 
1 4 10 5 6 
1 4 10 5 
1 4 10 5 
4 10 
1 4 10 
1 4 10 
1 4 10 
1 4 10 
1 4 10 5 
1 4 10 
4 10 
1 4 10 5 
4 10 
4 10 
4 10 
4 10 
4 10 
4 10 16 
4 10 
4 10 16 
4 10 
4 10 
4 10 
4 10 16 
4 10 16 
4 10 
4 10 16 
4 10 16 
4 10 16 
4 10 16 
4 10 16 
4 10 16 
4 10 16 
4 10 16 
4 10 16 
4 10 16 
4 10 16 
2 4 10 16 
2 4 10 16 
2 4 10 16 
4 10 16 
4 10 16 
4 10 16 
4 10 16 
4 10 16 
4 10 16 
10 16 
10 16 
10 16 
10 16 
10 16 
10 16 
10 16 
4 10 16 
4 10 16 
4 10 16 
4 10 16 
4 10 16 
4 10 16 
4 10 16 
4 10 16 
4 10 16 
10 16 
10 16 
10 16 
10 16 
10 16 
10 16 
10 16 
10 16 
10 16 
10 16 
10 16 
10 16 
10 16 
10 16 
10 16 
10 16 
10 16 
10 16 
10 16 
10 16 
10 16 
10 16 
10 16 
10 16 
10 16 
10 16 
10 16 
10 16 
10 16 
10 16 
10 16 
10 16 
10 16 
10 16 
10 16 
10 16 
10 16 
10 16 
10 16 
10 16 
10 16 
10 16 
10 16 
10 16 
10 16 
10 16 
10 16 
10 16 
10 16 
10 16 
10 16 
10 16 
10 16 
10 16 
10 16 
10 16 
10 16 
10 16 
10 16 
10 16 
10 16 
10 16 
10 16 
10 16 
10 16 
10 16 
10 16 
10 16 
10 16 
10 16 
10 16 
10 16 
10 16 
10 16 
10 16 
10 16 
10 16 
10 16 
10 16 
10 16 
10 16 
10 16 
10 16 
10 16 
10 16 
10 16 
10 16 
10 16 
10 16 
10 16 
10 16 
10 16 
10 16 
10 16 
10 16 
10 16 
10 16 
10 16 
10 16 
10 16 
10 16 
10 16 
10 16 
10 16 
10 16 
10 16 
10 16 
10 16 
10 16 
10 16 
10 16 
10 16 
10 16 
10 16 
10 16 
10 16 
10 16 
10 16 
10 16 
10 16 
4 10 16 
10 16 
10 16 
10 16 
10 16 
10 16 
10 16 
10 16 
10 16 
10 16 
10 16 
10 16 
10 16 
10 16 
10 16 
10 16 
10 16 
10 16 
10 16 
10 16 
10 16 
10 16 
10 16 
10 16 
10 16 
10 16 
10 16 
10 16 
10 16 
10 16 
10 16 
10 16 
10 16 
10 16 
10 16 
10 16 
10 16 
10 16 
10 16 
10 16 
10 16 
10 16 
10 16 
10 16 
10 16 
10 16 
10 16 
10 16 
10 16 
10 16 
10 16 
10 16 
10 16 
10 16 
10 16 
10 16 
10 16 
10 16 
10 16 
10 16 
10 16 
10 16 
10 16 
10 16 
10 16 
10 16 
10 16 
10 16 
10 16 
10 16 
10 16 
10 16 
10 16 
10 16 
10 16 
10 16 
10 16 
10 16 
10 16 
10 16 
10 16 
10 16 
10 16 
10 16 
10 16 
10 16 
10 16 
10 16 
10 16 
10 16 
10 16 
10 16 
10 16 
10 16 
10 16 
10 16 
10 16 
10 16 
10 16 
10 16 
10 16 
10 16 
10 16 
10 16 
10 16 
10 16 
10 16 
10 16 
10 16 
10 16 
10 16 
10 16 
11 17 3 14 20 24 15 21 
11 17 3 8 14 20 15 21 
11 17 18 3 8 14 20 15 21 
11 17 12 18 3 8 14 20 15 21 
11 17 18 3 8 14 20 15 21 
11 17 3 14 20 24 15 21 
11 17 3 14 20 24 15 21 
11 17 14 20 24 15 21 
11 14 20 24 15 21 
11 17 18 3 14 20 24 15 21 
11 17 3 14 20 24 15 21 
11 17 12 18 3 14 20 24 15 21 
11 17 18 3 14 20 24 15 21 
11 17 3 14 20 24 15 21 
11 17 12 18 3 8 14 20 15 21 
11 17 12 18 3 14 20 15 21 
11 17 12 18 3 14 20 15 21 
14 20 24 15 21 
14 20 24 15 21 
14 20 24 15 21 
14 20 24 15 21 
14 20 24 15 21 
14 20 15 21 
14 20 15 21 
11 17 3 14 20 24 15 21 
11 14 20 24 15 21 
11 17 12 18 3 14 20 24 15 21 
14 20 24 15 21 
14 20 15 21 
11 17 14 20 24 15 21 
11 17 3 14 20 24 15 21 
1 11 17 12 18 3 14 
1 11 17 12 18 3 14 
1 11 17 12 18 3 
1 11 17 12 18 3 14 15 
1 11 17 12 18 3 14 15 
11 17 12 18 3 14 20 15 
1 11 17 12 18 3 14 15 
11 17 12 18 3 14 20 15 
11 17 12 18 3 14 
1 11 17 12 18 3 14 20 15 
1 11 17 12 18 3 14 20 15 
1 2 11 17 12 18 3 14 20 15 21 
1 2 11 17 12 18 3 14 20 15 21 
1 11 17 12 18 3 14 20 15 
1 11 17 12 18 3 14 15 
1 11 17 12 18 3 14 15 
1 2 11 17 12 18 3 14 20 15 21 
5 11 17 12 18 3 14 20 15 
5 11 17 12 18 3 14 20 15 
5 11 17 12 18 3 14 20 15 
5 11 17 12 18 3 8 14 20 15 21 
5 11 17 12 18 3 14 20 15 21 
5 11 17 12 18 3 14 20 15 21 
11 17 12 18 3 14 20 15 21 
5 11 17 12 18 3 14 20 15 21 
5 11 17 12 18 3 14 20 15 21 
5 11 17 12 18 3 14 20 15 
2 5 11 17 12 18 3 14 20 15 21 
11 17 12 18 3 14 20 15 21 
11 17 12 18 3 14 20 15 21 
11 17 12 18 3 14 20 15 21 
11 17 12 18 3 14 20 15 21 
11 17 12 18 3 14 20 24 15 21 
11 17 12 18 3 14 20 15 21 
11 17 12 18 3 14 20 15 21 
11 17 12 18 3 14 20 15 21 
11 17 12 18 3 14 20 15 21 
11 17 12 18 3 14 20 15 21 
11 17 12 18 3 14 20 24 15 21 
11 17 12 18 3 14 20 15 21 
11 17 12 18 3 14 20 15 21 
11 17 12 18 3 14 20 24 15 21 
11 17 12 18 3 14 20 15 21 
11 17 12 18 3 14 20 15 21 
2 11 17 12 18 3 14 20 15 21 
2 11 17 12 18 3 14 20 15 21 
11 17 12 18 3 14 20 15 21 
1 2 11 17 12 18 3 14 20 15 21 
1 2 11 17 12 18 3 14 20 15 21 
1 2 11 17 12 18 3 14 20 15 21 
11 17 12 18 3 14 20 15 21 
1 2 11 17 12 18 3 14 20 15 21 
11 17 12 18 3 14 20 15 21 
7 13 19 8 14 
7 13 19 8 14 
7 13 19 8 14 
7 13 19 8 14 
7 13 19 8 14 
7 13 19 8 14 
7 13 19 8 14 
7 13 19 8 14 
7 13 19 8 14 
7 13 19 8 14 
7 13 19 8 14 
7 13 19 8 14 
7 13 19 8 14 
7 13 19 8 14 
7 13 19 8 14 
7 13 19 8 14 
7 13 19 8 14 
7 13 19 8 14 
7 13 19 8 14 
7 13 19 8 14 
7 13 19 8 14 
7 13 19 8 14 
7 13 19 8 14 15 
7 13 19 8 14 
13 19 8 14 20 
13 19 8 14 20 15 
13 19 8 14 20 15 
13 8 14 
13 8 14 20 
7 13 8 14 
7 13 8 14 
7 13 8 14 
7 13 19 8 14 
7 13 19 8 14 
7 13 8 14 
7 13 8 14 
7 13 8 14 
7 13 8 14 
7 13 8 14 
7 13 19 8 14 
7 13 8 14 
7 13 19 8 14 
7 13 19 8 14 
7 13 19 8 14 
7 13 19 14 
7 13 19 
7 13 19 14 
13 19 
7 13 
7 13 
7 13 19 
7 13 19 8 14 
7 13 19 8 14 
7 13 19 8 14 
7 13 8 14 
7 13 8 14 
7 13 8 
7 13 
13 19 14 20 15 
13 19 14 20 15 
13 19 14 15 
13 19 14 15 
13 19 14 15 
7 13 19 8 14 15 
13 19 14 20 15 
13 19 14 
13 19 14 15 
7 13 19 14 
7 13 19 8 14 15 
13 19 14 15 
13 19 14 15 
13 19 14 
7 13 19 8 14 
7 13 19 8 14 
13 19 14 
7 13 19 14 
13 19 14 
7 13 19 8 14 
7 13 19 8 14 
7 13 19 14 
13 19 14 
13 19 14 
13 19 14 
13 19 14 
13 19 
13 19 14 
13 19 14 
13 19 14 
13 19 14 
13 19 
7 13 19 14 
13 19 14 
13 19 
13 19 
13 19 
13 19 
13 19 
13 19 
13 19 
13 19 
13 19 
13 19 
13 19 
13 19 14 
13 19 14 
13 19 
13 19 
13 19 
13 19 14 
13 19 14 
13 19 
13 19 
13 19 
13 19 14 
13 19 
13 19 
13 19 
13 19 
13 19 
13 19 
19 
19 
19 
19 
13 19 
19 
19 
13 19 
6 12 18 3 9 15 21 
6 12 18 3 15 21 
6 12 18 3 9 15 21 
6 12 18 3 9 15 21 
6 12 18 3 14 9 15 21 
6 12 18 3 9 15 21 
6 12 18 3 14 9 15 21 
12 18 23 3 15 
6 12 18 3 15 21 
12 18 15 
6 12 18 3 15 21 
6 12 18 3 15 21 
11 17 6 12 18 3 14 15 21 
11 17 6 12 18 3 14 15 21 
17 6 12 18 3 15 21 
17 6 12 18 3 14 15 21 
17 12 18 23 3 15 
6 12 18 3 14 9 15 21 
6 12 18 3 14 9 15 21 
17 6 12 18 3 14 9 15 21 
12 18 3 14 9 15 21 
12 18 3 9 15 21 
12 18 3 9 15 21 
12 18 3 9 15 21 
12 18 3 9 15 21 
12 18 3 14 20 15 21 25 
12 18 3 14 20 15 21 25 
12 18 3 14 20 9 15 21 
12 18 3 14 20 9 15 21 
12 18 14 15 21 25 
12 18 14 20 15 21 25 
12 15 21 25 
14 20 15 21 25 
12 18 14 20 15 21 25 
12 15 21 
12 18 15 21 25 
12 15 21 25 
6 12 18 
12 18 
6 12 18 
12 18 
12 18 
12 18 
12 18 
1 6 12 
1 6 12 
1 6 12 
1 6 12 
6 12 
1 11 6 12 18 
1 11 6 12 18 
1 11 6 12 18 
1 11 6 12 18 
1 11 6 12 
1 11 12 18 
12 18 
1 11 12 18 
1 4 10 6 12 
6 12 
1 4 10 6 12 
4 6 12 
6 12 
6 12 
6 12 
1 4 10 11 6 12 
1 4 10 6 12 
1 4 10 6 12 
1 4 10 6 12 
1 4 10 6 12 
1 6 12 
1 4 11 6 12 
1 4 10 11 6 12 
6 12 
1 6 12 
15 21 
13 15 21 
15 21 
15 21 
15 21 
15 21 
15 21 
13 14 15 21 
13 14 15 21 
13 19 14 20 15 21 
13 14 20 15 21 
14 15 21 
13 15 21 
13 19 14 15 21 
13 15 21 
13 19 14 15 21 
13 19 14 15 21 
15 21 
13 15 21 
13 15 21 
12 18 
6 12 18 
12 18 
12 18 
6 12 18 
6 12 18 15 
6 12 18 15 
6 12 18 15 
6 12 18 15 
12 18 
6 12 
6 12 18 
6 12 18 15 
6 12 18 15 
6 12 18 3 15 
6 12 
6 12 
6 12 18 3 9 15 21 
6 12 18 3 9 15 21 
6 12 18 3 9 15 21 
6 12 18 3 9 15 21 
6 12 18 3 9 15 21 
6 12 18 3 9 15 
6 12 18 3 9 15 21 
1 6 12 18 3 9 15 21 
6 12 18 3 9 15 21 
6 12 18 3 9 15 21 
6 12 18 3 15 
6 12 18 3 9 15 
6 12 18 3 9 15 
6 12 18 3 15 
1 2 6 12 3 9 15 
1 2 6 12 3 9 15 
1 2 6 12 3 9 15 
1 2 6 12 3 9 15 
1 6 12 18 3 9 15 
1 2 6 12 3 9 15 
1 6 12 18 3 9 15 
1 6 12 18 3 9 15 
1 2 6 12 3 9 15 
6 12 18 3 15 
2 6 12 3 15 
1 2 6 12 3 9 15 
1 6 12 18 3 9 15 
6 12 18 3 9 15 
6 12 18 3 15 
1 6 12 18 3 9 15 21 
1 6 12 18 3 9 15 21 
6 12 
6 12 
6 12 
6 12 
6 12 
6 12 
6 12 
6 12 15 
6 12 
6 12 3 
2 6 12 3 
15 21 
15 21 
15 21 
15 21 
15 21 
15 21 
15 21 
15 21 
15 21 
12 15 21 
15 21 
12 9 15 21 
15 21 
9 15 21 
15 21 
15 21 
12 15 21 
9 15 
9 15 
9 15 
9 15 
13 9 15 
13 9 15 
9 15 
9 15 
9 15 
9 15 
9 15 
9 15 
9 15 
9 15 
9 15 21 
13 9 15 21 
9 15 
6 12 3 9 15 
6 12 3 9 15 21 
6 12 3 9 15 
6 12 3 9 15 
12 3 9 15 
6 12 18 3 9 15 21 
12 3 9 15 21 
6 12 3 9 15 21 
12 3 9 15 21 
12 3 9 15 
12 3 9 15 21 
12 3 9 15 21 
12 3 9 15 
12 3 9 15 
12 18 3 9 15 21 
12 18 3 9 15 21 
6 12 18 3 9 15 21 
12 9 15 21 
12 15 21 
12 18 3 9 15 21 
12 9 15 21 
6 12 18 3 9 15 21 
1 2 4 6 12 3 
1 2 4 10 6 12 3 
1 2 4 6 12 3 
1 2 4 10 6 12 3 
1 2 4 10 6 12 3 
2 4 10 6 12 3 
1 2 4 10 6 12 3 
1 2 6 12 3 9 
1 2 4 6 12 3 
1 2 6 12 3 9 
1 2 4 6 12 3 9 
1 2 4 6 12 3 9 
1 2 4 10 6 3 
1 2 4 6 3 
1 2 4 10 6 3 
1 2 4 6 3 
1 2 6 3 9 
1 2 4 10 6 12 3 
2 4 10 6 12 3 
1 2 4 10 6 3 
1 2 6 12 3 9 15 
1 2 6 12 3 9 15 
1 2 6 12 3 9 15 
1 2 6 3 9 15 
1 2 6 12 3 9 15 
1 2 6 12 3 9 15 
1 2 6 12 3 9 15 
1 2 6 3 9 
1 2 6 3 9 
1 2 3 9 
1 2 6 3 9 
1 2 3 9 15 
1 2 6 12 3 9 
1 2 6 3 9 
1 2 6 3 9 
1 2 6 12 3 9 15 
1 2 6 12 3 9 
7 13 9 15 
7 13 9 15 
7 13 9 15 
7 13 9 15 
7 9 15 
7 13 9 15 
3 7 9 15 
7 13 9 15 
3 7 13 9 15 
7 13 9 15 
3 7 13 9 15 
7 13 9 15 
3 7 9 15 
3 7 9 15 
3 7 9 15 
3 7 9 15 
3 7 9 15 
3 7 9 15 
3 7 9 15 
3 7 9 15 
2 3 7 9 15 
1 2 6 3 9 15 
2 3 9 15 
1 2 6 12 3 9 15 
2 3 7 9 15 
3 7 9 15 
3 7 9 15 
3 7 9 15 
2 3 7 9 15 
3 7 9 15 
3 7 9 
3 7 9 
2 3 7 9 15 
2 3 7 9 
1 2 6 12 3 9 15 
1 2 6 12 3 9 15 
1 2 6 12 3 9 15 
1 2 6 12 3 9 15 
1 2 6 12 3 9 15 
1 2 6 12 3 9 15 
1 2 6 12 3 9 15 
1 2 6 12 3 9 15 
1 2 6 12 3 9 15 
1 2 6 12 3 9 15 
1 2 6 12 3 9 15 
1 2 6 12 3 9 15 
1 2 6 12 3 9 15 
1 2 6 12 3 9 15 
9 15 
9 15 
9 15 
3 9 15 
9 15 
9 15 
7 13 9 15 
7 9 15 
7 13 9 15 
7 9 15 
7 13 9 15 
7 13 9 15 
3 7 9 15 
3 7 9 15 
4 10 6 12 
4 10 6 12 
1 4 10 6 12 
2 4 10 6 12 
2 4 10 6 12 
2 4 10 6 12 
2 4 6 12 
2 4 10 6 12 
2 4 6 12 
2 4 10 6 12 
2 4 10 6 12 3 
2 4 10 6 12 3 
2 4 10 6 
2 4 10 6 12 
2 12 3 9 15 
3 9 15 
3 9 15 
1 2 6 12 3 9 15 
1 2 6 12 3 9 15 
12 3 9 15 
1 2 6 12 3 9 15 
3 9 15 
1 2 6 12 3 9 
1 2 6 12 3 
2 6 12 3 
1 2 4 6 12 3 
1 2 6 12 3 9 
2 4 6 12 3 
1 2 4 6 12 3 
2 6 12 
1 4 10 6 12 
2 4 10 6 12 
1 4 10 6 12 
1 4 10 6 12 
1 4 10 6 12 
2 4 10 6 
2 4 10 6 
2 4 10 6 
2 4 10 6 
2 4 10 6 
2 4 10 6 
2 4 10 6 
2 4 10 6 
2 4 10 6 
1 4 10 6 12 
1 4 10 6 
4 10 6 
4 10 6 
4 10 6 
4 10 6 
4 10 6 
4 10 6 
2 4 10 6 
2 4 10 6 
2 4 10 6 
2 4 10 6 
4 10 16 6 
4 10 16 6 
4 10 16 6 
4 10 16 6 
2 4 10 16 6 
4 10 16 6 
4 10 16 
4 10 16 
4 10 
4 10 6 
1 4 10 6 
1 4 10 6 
4 10 
4 10 16 
4 10 16 
4 10 16 
4 10 16 
4 10 
4 10 16 
4 10 
4 10 16 
4 10 16 
4 10 
4 10 
4 10 
4 10 16 
4 10 16 
4 10 16 
4 10 16 
4 10 16 
4 10 16 
4 10 16 
4 10 16 
4 10 16 
4 10 16 
4 10 16 
4 10 16 
4 10 16 
4 10 16 
4 10 16 
4 10 16 
4 10 16 
18 23 
18 23 
18 23 
18 23 
18 23 
18 23 
18 23 
18 23 
18 23 
18 23 
18 23 
18 23 
18 23 
18 23 
18 23 
18 23 
18 23 
18 23 
18 23 
18 23 
21 25 
21 25 
21 25 
21 25 
21 25 
21 25 
21 25 
21 25 
21 25 
21 25 
21 25 
21 25 
21 25 
21 25 
21 25 
21 25 
21 25 
21 25 
21 25 
21 25 
15 21 25 
15 21 25 
15 21 25 
15 21 25 
15 21 25 
21 25 
21 25 
21 25 
15 21 25 
15 21 25 
21 25 
21 25 
15 21 
15 21 
15 21 25 
14 20 15 21 25 
15 21 25 
14 15 21 25 
14 20 15 21 
14 20 15 21 25 
14 20 15 21 25 
21 25 
21 25 
15 21 25 
15 21 25 
15 21 25 
21 25 
21 25 
14 20 15 21 25 
14 20 15 21 25 
14 20 15 21 25 
15 21 25 
15 21 25 
15 21 25 
15 21 25 
15 21 25 
21 25 
21 25 
21 25 
15 21 25 
15 21 25 
15 21 25 
15 21 25 
15 21 
21 25 
21 25 
21 25 
12 18 23 
12 18 23 
12 18 23 
12 18 23 15 
12 18 23 
12 18 23 
12 18 23 
12 18 23 
12 18 23 
12 18 23 
12 18 23 
12 18 23 
12 18 23 
12 18 23 
12 18 23 
12 18 23 
12 18 23 
12 18 23 
12 18 23 
18 23 
18 23 
18 23 
12 18 23 
12 18 23 
12 18 23 
12 18 23 15 
12 18 23 
12 18 23 
12 18 23 
12 18 23 
12 18 23 
12 18 23 15 
12 18 23 
12 18 23 
12 18 23 
18 23 
12 18 23 
12 18 23 
11 17 12 18 
11 17 12 18 
12 18 23 
12 18 23 
12 18 23 
11 17 12 18 
18 23 
18 23 
18 23 
4 10 16 
4 10 16 
4 10 16 
4 10 16 
4 10 16 
4 10 16 
4 10 16 
4 10 16 
4 10 16 
4 10 16 
4 10 16 
4 10 16 
4 10 16 
4 10 16 
4 10 16 
4 10 16 
4 10 16 
4 10 16 
4 10 16 
10 16 
10 16 
4 10 16 
10 16 
10 16 
4 10 16 
4 10 16 
4 10 16 
10 16 
10 16 
10 16 
10 16 
4 10 16 
4 10 16 
4 10 16 
4 10 16 
4 10 16 
4 10 16 
4 10 16 
4 10 16 
4 10 16 
4 10 16 
4 10 16 
4 10 16 
4 10 16 
4 10 16 
4 10 16 
4 10 16 
4 10 16 
4 10 16 
10 16 
10 16 
4 10 16 
4 10 16 
10 16 
10 16 
10 16 
10 16 
10 16 
10 16 
10 16 
10 16 
10 16 
10 16 
10 16 
10 16 
10 16 
10 16 
2 4 10 6 3 
1 2 4 10 6 3 
2 4 10 6 3 
1 2 4 10 6 3 
1 2 4 10 6 3 
1 2 4 10 6 3 
1 2 4 10 6 3 
2 4 10 6 3 
1 2 6 3 
1 2 4 6 3 
1 2 6 3 
1 2 4 6 3 
1 2 4 6 3 
1 2 3 
1 2 3 7 9 
2 3 7 9 
1 2 3 7 9 
2 3 7 8 9 
3 7 8 9 
3 7 9 
2 3 7 9 
1 2 3 7 9 
3 7 9 
3 7 9 
3 7 8 9 
3 7 8 9 
3 7 8 9 
3 7 8 9 
3 7 8 9 
3 7 8 9 
3 7 13 8 9 
3 7 9 
3 7 13 9 15 
7 13 9 
7 13 9 
7 13 9 15 
7 13 9 15 
7 13 9 
7 13 9 
11 17 12 18 
1 11 17 12 18 
1 11 17 12 18 
1 11 17 12 18 
1 11 17 12 18 
11 17 12 18 
11 17 12 18 
11 17 12 18 15 
1 11 17 12 18 
1 11 17 12 18 
1 11 17 12 18 
1 11 17 12 18 
1 11 17 12 18 
1 11 17 12 18 
13 14 20 15 21 
13 14 20 15 21 
13 14 20 15 21 
13 14 20 15 21 
14 20 15 21 
14 20 15 21 
13 14 20 15 21 
13 14 20 15 21 
14 20 15 21 
14 20 15 21 25 
14 20 15 21 25 
14 20 15 21 25 
14 20 15 21 
14 20 15 21 
1 2 3 
1 2 3 
1 2 3 
1 2 6 3 
1 2 3 9 
1 2 3 9 
1 2 3 9 
1 2 3 9 
2 4 10 6 
2 4 10 6 
2 4 10 6 
2 4 10 6 
2 4 10 6 
2 4 10 6 
2 4 10 6 
2 4 10 6 
2 4 10 6 
2 4 10 6 
2 4 10 6 
2 4 10 16 
2 4 10 16 6 
2 4 10 16 
2 4 10 
2 4 10 6 
2 4 10 16 6 
2 4 10 6 
2 4 10 16 6 
2 4 10 6 
2 4 10 6 
2 4 10 6 
4 10 16 
4 10 16 
4 10 16 
4 10 16 
4 10 16 
4 10 16 
4 10 16 
4 10 16 
4 10 16 
4 10 16 
10 16 
4 10 16 
10 16 
4 10 16 
4 10 16 
10 16 
10 16 
4 10 16 
4 10 16 
4 10 16 
4 10 16 
4 10 16 
4 10 16 
4 10 16 
4 10 16 
4 10 16 
4 10 16 
4 10 16 
13 19 14 20 15 21 
13 19 14 20 15 21 
13 19 14 20 15 21 
13 19 14 20 15 21 
13 19 14 20 15 21 
13 19 14 20 15 21 
13 19 14 20 15 21 
13 19 14 15 21 
13 19 14 20 15 21 
13 14 20 15 21 
13 19 14 20 15 21 
1 11 17 12 18 
1 11 17 12 18 
1 11 17 12 18 
1 11 17 12 18 
1 11 17 12 18 
1 11 17 6 12 18 
1 11 6 12 18 
1 4 11 6 12 18 
1 4 11 6 12 18 
1 11 17 6 12 18 
1 5 11 6 12 18 
1 4 10 5 11 6 12 
1 4 10 5 11 6 12 
1 4 10 5 11 6 12 
1 4 10 11 6 12 
1 4 10 11 6 12 
1 4 10 5 11 6 12 
1 4 10 11 6 12 
1 4 10 5 11 6 12 
1 4 10 6 12 
1 4 10 5 11 6 12 
1 4 10 5 11 6 12 
1 4 10 6 12 
1 4 10 5 11 6 12 
1 4 10 5 6 12 
1 4 10 6 12 
1 4 10 6 12 
1 4 10 6 12 
1 4 10 6 
1 4 10 6 12 
1 4 10 6 
1 4 10 5 6 12 
1 4 10 6 
1 4 10 6 
1 4 10 6 
1 4 10 6 
1 4 10 6 
1 4 10 6 
1 4 10 
1 4 10 
4 10 
4 10 
1 4 10 
1 4 10 
4 10 
4 10 
4 10 
4 10 
4 10 
4 10 
4 10 16 
4 10 16 
4 10 16 
4 10 
4 10 16 
4 10 16 
4 10 16 
4 10 16 
4 10 16 
4 10 16 
4 10 16 
4 10 16 
4 10 16 
2 4 10 16 
4 10 16 
2 4 10 16 
10 16 
10 16 
10 16 
10 16 
4 10 16 
10 16 
10 16 
4 10 16 
4 10 16 
4 10 16 
4 10 16 
4 10 16 
4 10 16 
4 10 16 
4 10 16 
4 10 16 
4 10 16 
4 10 16 
10 16 
10 16 
10 16 
10 16 
10 16 
10 16 
10 16 
10 16 
10 16 
10 16 
10 16 
10 16 
10 16 
10 16 
10 16 
10 16 
10 16 
10 16 
10 16 
10 16 
10 16 
10 16 
10 16 
10 16 
10 16 
10 16 
10 16 
10 16 
10 16 
10 16 
10 16 
10 16 
10 16 
10 16 
10 16 
10 16 
10 16 
10 16 
10 16 
10 16 
10 16 
10 16 
10 16 
10 16 
10 16 
10 16 
10 16 
10 16 
10 16 
10 16 
10 16 
10 16 
10 16 
10 16 
10 16 
10 16 
10 16 
10 16 
10 16 
10 16 
10 16 
10 16 
10 16 
10 16 
10 16 
10 16 
10 16 
10 16 
10 16 
10 16 
10 16 
10 16 
10 16 
10 16 
10 16 
10 16 
10 16 
10 16 
10 16 
10 16 
10 16 
10 16 
10 16 
10 16 
10 16 
10 16 
10 16 
10 16 
10 16 
10 16 
10 16 
10 16 
10 16 
10 16 
10 16 
10 16 
10 16 
10 16 
10 16 
10 16 
10 16 
10 16 
10 16 
10 16 
10 16 
10 16 
10 16 
10 16 
10 16 
10 16 
10 16 
10 16 
10 16 
10 16 
10 16 
10 16 
10 16 
10 16 
10 16 
10 16 
10 16 
10 16 
10 16 
10 16 
10 16 
10 16 
10 16 
10 16 
10 16 
10 16 
10 16 
10 16 
10 16 
10 16 
10 16 
10 16 
10 16 
10 16 
10 16 
10 16 
10 16 
10 16 
10 16 
10 16 
10 16 
10 16 
10 16 
10 16 
10 16 
10 16 
10 16 
10 16 
10 16 
10 16 
10 16 
10 16 
10 16 
10 16 
10 16 
10 16 
10 16 
10 16 
10 16 
10 16 
10 16 
10 16 
10 16 
10 16 
10 16 
10 16 
10 16 
10 16 
10 16 
10 16 
10 16 
10 16 
10 16 
10 16 
10 16 
10 16 
10 16 
10 16 
10 16 
10 16 
10 16 
10 16 
10 16 
10 16 
10 16 
10 16 
10 16 
10 16 
10 16 
10 16 
10 16 
10 16 
10 16 
10 16 
10 16 
10 16 
10 16 
10 16 
10 16 
10 16 
10 16 
10 16 
10 16 
10 16 
10 16 
10 16 
10 16 
10 16 
10 16 
10 16 
10 16 
10 16 
10 16 
10 16 
10 16 
10 16 
10 16 
10 16 
10 16 
10 16 
17 12 18 3 14 20 9 15 21 
11 17 12 18 3 14 20 9 15 21 
12 18 3 14 20 9 15 21 
17 12 18 3 14 20 9 15 21 
12 18 3 14 20 15 21 25 
11 17 12 18 3 14 20 15 21 
11 17 12 18 3 14 20 15 21 
17 12 18 3 14 20 15 21 25 
11 17 12 18 3 14 20 15 21 25 
11 17 12 18 3 14 20 9 15 21 
12 18 3 14 20 15 21 25 
12 18 3 14 20 15 21 25 
12 18 3 14 20 15 21 25 
12 18 14 20 15 21 25 
17 12 18 3 14 20 15 21 25 
12 18 3 14 20 15 21 25 
12 14 20 15 21 25 
14 20 15 21 25 
14 20 15 21 25 
14 20 15 21 25 
12 14 20 15 21 25 
12 18 14 20 15 21 25 
12 18 3 14 20 15 21 25 
12 18 3 14 20 15 21 25 
14 20 15 21 25 
14 20 15 21 25 
11 17 12 18 3 14 20 15 21 25 
14 20 15 21 25 
1 11 17 12 18 3 14 15 
1 11 17 12 18 3 15 
1 11 17 12 18 3 15 
1 2 11 17 12 18 3 14 20 15 21 
1 11 17 12 18 3 14 15 21 
1 2 11 17 12 18 3 14 20 15 21 
1 11 17 12 18 3 14 15 
1 11 17 12 18 3 14 15 21 
11 17 12 18 3 14 15 21 
1 11 17 12 18 3 14 15 21 
1 11 17 12 18 3 14 15 
1 2 11 17 12 18 3 14 20 15 21 
11 17 12 18 3 15 
11 17 12 18 3 14 15 21 
11 17 6 12 18 3 14 15 21 
11 17 6 12 18 3 14 15 21 
11 17 6 12 18 3 14 15 21 
11 17 6 12 18 3 14 20 15 21 
11 17 6 12 18 3 14 15 21 
11 17 6 12 18 3 14 20 15 21 
2 11 17 6 12 18 3 14 20 15 21 
11 17 6 12 18 3 14 20 15 21 
11 17 6 12 18 3 14 20 15 21 
11 17 12 18 3 14 20 15 21 
11 17 6 12 18 3 14 20 9 15 21 
11 17 12 18 3 14 20 15 21 25 
11 17 12 18 3 14 20 15 21 
11 17 12 18 3 14 20 15 21 
11 17 12 18 3 14 20 15 21 25 
11 17 12 18 3 14 20 15 21 25 
11 17 12 18 3 14 20 15 21 
11 17 12 18 3 14 20 15 21 
11 17 12 18 3 14 20 15 21 
11 17 12 18 3 14 20 15 21 
11 17 12 18 3 14 20 15 21 
11 17 12 18 3 14 20 15 21 
11 17 12 18 3 14 20 15 21 
11 17 12 18 3 14 20 15 21 
2 11 17 12 18 3 14 20 15 21 
11 17 12 18 3 14 20 15 21 
11 17 12 18 3 14 20 15 21 
1 2 11 17 12 18 3 14 20 15 21 
1 2 11 17 12 18 3 14 20 15 21 
1 2 11 17 12 18 3 14 20 15 21 
7 13 19 9 15 
7 13 19 9 15 
7 13 19 9 15 
7 13 19 9 15 
7 13 19 9 15 
7 13 19 9 15 
7 13 19 9 15 
7 13 19 9 15 
7 13 19 9 15 
7 13 19 9 15 
7 13 19 9 15 
7 13 19 9 15 
7 13 19 9 15 
7 13 19 9 15 
7 13 19 9 15 
7 13 19 9 15 
7 13 19 9 15 
7 13 19 9 15 
7 13 19 9 15 
7 13 19 9 15 
13 9 15 
7 13 9 15 
7 13 9 15 
13 19 9 15 21 
13 9 15 21 
7 13 19 14 9 15 
7 13 19 9 15 
13 19 14 9 15 21 
13 19 14 9 15 21 
7 13 19 9 15 
7 13 19 9 15 
7 13 19 9 15 
7 13 19 9 15 
7 13 9 15 
7 13 19 9 15 
7 13 19 9 15 
7 13 19 9 15 
7 13 19 9 15 
7 13 9 15 
7 13 9 15 
7 13 9 15 
7 13 9 15 
7 13 9 15 
7 13 9 15 
7 13 
7 13 19 
13 19 
7 13 19 15 
7 13 19 15 
7 13 9 15 
7 13 9 
7 13 9 15 
7 13 19 9 15 
7 13 19 9 15 
7 13 19 9 15 
13 19 14 15 
13 19 14 15 21 
13 19 14 15 21 
13 19 14 15 
13 19 14 15 
13 19 15 
13 19 15 
13 19 14 9 15 
7 13 19 14 9 15 
7 13 19 15 
13 19 14 15 21 
13 19 15 
13 19 15 
7 13 19 15 
7 13 19 9 15 
7 13 19 9 15 
13 19 15 
13 19 15 
13 19 15 
13 19 15 
13 19 15 
7 13 19 15 
13 19 15 
13 19 15 
13 19 15 
13 19 
7 13 19 9 15 
7 13 19 9 15 
7 13 19 15 
13 19 15 
13 19 
13 19 
13 19 
13 19 
13 19 
13 19 
13 19 
13 19 
13 19 
13 19 
13 19 15 
13 19 15 
13 19 
13 19 
13 19 
13 19 
13 19 15 
13 19 15 
13 19 
13 19 15 
13 19 
13 19 
13 19 
13 19 
13 19 
19 
19 
19 
5 11 17 3 8 14 20 
5 11 17 3 14 20 
5 11 17 18 3 8 14 20 15 21 
11 17 22 12 18 3 14 
11 17 14 
11 17 3 14 20 15 
14 20 
14 20 24 15 21 
11 17 
1 5 11 17 
1 11 17 12 18 
1 5 11 17 12 
5 11 
5 11 
1 4 5 11 
1 4 10 5 11 
14 20 
13 14 20 
14 20 
13 19 14 20 15 
13 14 20 15 21 
5 11 17 
5 11 17 3 14 
5 11 17 3 8 14 20 
5 11 17 3 8 14 20 
1 2 5 11 3 8 14 
1 2 5 11 17 3 8 14 
1 2 5 11 3 8 14 
5 11 
14 20 
11 8 14 20 
13 8 14 
8 14 
8 14 
11 3 8 14 
11 17 3 8 14 20 
1 2 4 10 5 11 3 
1 2 4 10 5 11 3 
2 4 10 5 3 
1 2 5 3 
1 2 5 11 3 8 14 
1 2 5 11 3 8 14 
1 2 5 11 3 8 
1 2 3 7 8 
7 13 8 14 
3 7 13 8 14 
3 7 8 14 
3 7 8 
7 13 8 14 
2 3 7 8 14 
1 2 5 11 3 8 14 
8 14 
2 4 10 5 11 
11 3 8 14 
1 2 5 11 3 
2 4 10 5 
1 4 10 5 
2 4 10 5 
4 10 5 
4 10 16 
2 4 10 16 5 
4 10 
4 10 
4 10 16 
4 10 16 
4 10 16 
4 10 16 
17 22 
17 22 
17 22 
17 22 
17 22 
20 24 
20 24 
20 24 
20 24 
20 24 
14 20 24 
14 20 24 
14 20 24 
14 20 24 
11 17 22 
11 17 22 
11 17 22 
11 17 22 
4 10 16 
4 10 16 
4 10 16 
10 16 
4 10 16 
4 10 16 
10 16 
4 10 16 
10 16 
10 16 
10 16 
2 4 10 5 6 3 
1 2 4 10 5 3 
1 2 3 
1 2 3 7 8 9 
3 7 8 9 
3 7 8 9 
3 7 13 8 
7 13 
1 11 17 12 18 
1 11 17 12 18 
1 11 17 12 18 
13 14 20 15 21 
14 20 15 21 
14 20 15 21 
1 2 3 8 
2 4 10 
2 4 10 5 
2 4 10 16 
2 4 10 5 
4 10 16 
4 10 16 
10 16 
10 16 
4 10 16 
4 10 16 
13 19 14 20 15 21 
13 19 14 20 15 21 
1 11 17 12 18 
1 5 11 17 6 12 18 
1 4 10 5 11 6 12 
1 4 10 5 11 6 12 
1 4 10 5 11 
1 4 10 5 6 
1 4 10 5 
1 4 10 
4 10 
4 10 16 
4 10 16 
4 10 16 
10 16 
4 10 16 
10 16 
10 16 
10 16 
10 16 
10 16 
10 16 
10 16 
10 16 
10 16 
10 16 
10 16 
10 16 
10 16 
10 16 
10 16 
10 16 
10 16 
10 16 
10 16 
10 16 
10 16 
10 16 
10 16 
10 16 
10 16 
10 16 
10 16 
10 16 
10 16 
10 16 
10 16 
10 16 
11 17 3 14 20 24 15 21 
11 17 3 14 20 24 15 21 
11 17 12 18 3 14 20 15 21 
14 20 24 15 21 
11 17 12 18 3 14 20 15 21 
1 11 17 12 18 3 14 15 
1 2 11 17 12 18 3 14 20 15 
1 2 11 17 12 18 3 14 20 15 21 
5 11 17 12 18 3 14 20 15 21 
11 17 12 18 3 14 20 15 21 
11 17 12 18 3 14 20 15 21 
2 11 17 12 18 3 14 20 15 21 
7 13 19 8 14 
7 13 19 8 14 
7 13 19 8 14 
7 13 19 8 14 
7 13 19 8 14 
7 13 8 14 
13 19 
7 13 8 14 
13 19 14 15 
13 19 
7 13 19 14 
13 19 
13 19 14 
13 19 
19 
13 19 14 
19 
13 19 
6 12 18 3 9 15 21 
6 12 18 3 15 21 
12 18 15 
11 17 12 18 23 3 15 
17 6 12 18 3 14 20 9 15 21 
12 18 3 14 15 21 
14 20 15 21 25 
15 21 
12 18 
1 6 12 18 
6 12 
1 11 6 12 18 
1 11 17 12 18 
6 12 
1 4 6 12 
1 4 10 6 12 
15 21 
13 15 21 
13 14 20 15 21 
13 19 14 15 21 
15 21 
6 12 18 
6 12 18 3 15 
6 12 18 3 9 15 21 
6 12 18 3 9 15 21 
1 2 6 12 3 9 15 
1 2 6 12 18 3 9 15 
1 2 6 12 3 9 15 
6 12 
15 21 
12 9 15 21 
13 9 15 
9 15 
9 15 
12 3 9 15 
12 18 3 9 15 21 
1 2 4 10 6 12 3 
1 2 4 10 6 12 3 
1 2 6 12 3 9 15 
1 2 6 3 
2 4 10 6 3 
1 2 6 12 3 9 15 
1 2 6 12 3 9 
1 2 3 7 9 
7 13 9 15 
3 7 13 9 15 
7 13 9 15 
3 7 9 
3 7 9 15 
2 3 7 9 15 
1 2 6 12 3 9 15 
9 15 
2 4 10 6 12 
12 3 9 15 
1 2 6 12 3 
2 4 10 6 
2 4 10 6 
1 4 10 6 
4 10 6 
2 4 10 16 6 
4 10 16 
4 10 
4 10 16 
4 10 
4 10 16 
4 10 16 
4 10 16 
18 23 
18 23 
18 23 
18 23 
18 23 
21 25 
21 25 
21 25 
21 25 
21 25 
15 21 25 
15 21 25 
15 21 25 
15 21 25 
12 18 23 
12 18 23 
12 18 23 
12 18 23 
4 10 16 
4 10 16 
4 10 16 
10 16 
4 10 16 
10 16 
4 10 16 
4 10 16 
10 16 
10 16 
10 16 
1 2 4 10 6 3 
3 7 8 9 
3 7 13 9 
1 11 17 12 18 
14 20 15 21 
1 2 3 9 
2 4 10 6 
2 4 10 6 
4 10 16 
10 16 
4 10 16 
13 19 14 20 15 21 
1 11 17 12 18 
1 4 10 5 11 6 12 
1 4 10 6 12 
1 4 10 6 
4 10 
4 10 16 
4 10 16 
4 10 16 
10 16 
10 16 
10 16 
10 16 
10 16 
10 16 
10 16 
10 16 
10 16 
10 16 
10 16 
10 16 
10 16 
10 16 
10 16 
10 16 
10 16 
10 16 
10 16 
10 16 
10 16 
10 16 
10 16 
10 16 
10 16 
10 16 
10 16 
10 16 
10 16 
10 16 
12 18 3 14 20 15 21 25 
11 17 12 18 3 14 20 15 21 
12 18 3 14 20 15 21 25 
14 20 15 21 25 
1 11 17 12 18 3 14 15 
1 2 11 17 12 18 3 14 15 21 
11 17 6 12 18 3 14 20 15 21 
11 17 12 18 3 14 20 15 21 
2 11 17 12 18 3 14 20 15 21 
7 13 19 9 15 
7 13 19 9 15 
7 13 19 9 15 
7 13 19 9 15 
7 13 19 9 15 
7 13 9 15 
7 13 9 15 
13 19 14 15 
7 13 19 15 
13 19 15 
13 19 
13 19 
13 19 15 
13 19 
