0 0 0 1
0 0 0 1
-0.0957703 -0.700678 0.0957469 0.700508
0 0 0 1
0 0 0.0448414 0.998994
0 0 -0.0179148 0.99984
0 0 0.0134221 0.99991
0 0 0.174867 0.984592
0 0 0.358314 0.933601
0 0 0.0596605 0.998219
0 0 0.0378815 0.999282
0 0 0.0119094 0.999929
0 0 -0.0150291 0.999887
0 0 0 1
0 0 -0.979199 0.202903
0 0 0 1
0 0 0.536409 0.843958
0 0 0 1
6.3121e-06 0.000121506 -0.606809 0.794848
0 0 0 1
0 0 -0.717988 0.696055
0 0 0.34572 0.938338
0 0 -0.0141676 0.9999
0 0 0.233445 0.97237
0 0 0 1
0 0 0 1
0 0 0 1
0.000121506 -6.31226e-06 0.794847 0.60681
0 0 0 1
0 0 -0.717988 0.696055
0 0 0.34572 0.938338
0 0 -0.0141676 0.9999
0 0 0.233445 0.97237
0 0 0 1
0 0 0 1
0 0 0 1
-0.135643 -0.0556538 -0.610977 0.777953
-0.13892 0.0834182 0.033783 0.986205
0.803922 -0.57638 -0.145776 0.0156832
0.853012 -0.468598 6.21733e-07 0.229753
0 0 0.145105 0.989416
0 0 0 1
0 0 0 1
0 0 0 1
0.0558759 -0.135551 0.77793 0.611006
-0.138921 0.0834182 0.0337831 0.986205
0.803922 -0.57638 -0.145776 0.0156832
0.853012 -0.468598 -6.21733e-07 0.229753
1.72686e-08 2.53256e-09 0.145105 0.989416
0 0 0 1
0 0 0 1
0 0 0 1
-0.000116721 3.43673e-05 -0.999892 0.0146703
0 0 0.0547453 0.9985
0 0 0.390385 0.920652
0 0 0.124648 0.992201
0 0 -0.0223522 0.99975
0 0 0.0312165 0.999513
0 0 0 1
